0.000000000000000000e+00	2.185057637927202201e+00
9.999999999999592548e-05	2.185284573931721930e+00
1.999999999999918510e-04	2.185504524352729572e+00
2.999999999999877764e-04	2.184788644970789839e+00
3.999999999999837019e-04	2.182743316306502201e+00
4.999999999999796274e-04	2.179889926486043183e+00
5.999999999999755529e-04	2.180014291223037137e+00
6.999999999999714784e-04	2.180264136340904102e+00
7.999999999999674039e-04	2.181621519553794020e+00
8.999999999999633293e-04	2.182773025751371776e+00
9.999999999999592548e-04	2.183983490085360746e+00
1.099999999999955180e-03	2.183154825346912631e+00
1.199999999999951106e-03	2.182606028880873072e+00
1.299999999999947031e-03	2.183813776514178961e+00
1.399999999999942957e-03	2.185205513763977425e+00
1.499999999999938882e-03	2.186099283426939710e+00
1.599999999999934808e-03	2.185997988884394339e+00
1.699999999999930733e-03	2.185060528551723724e+00
1.799999999999926659e-03	2.184310994958940544e+00
1.899999999999922584e-03	2.184730451264147888e+00
1.999999999999918510e-03	2.185942266632719289e+00
2.099999999999914435e-03	2.187756701629062217e+00
2.199999999999910361e-03	2.188211858265173948e+00
2.299999999999906286e-03	2.188101256304152198e+00
2.399999999999902212e-03	2.186810876699914807e+00
2.499999999999898137e-03	2.184386518222640738e+00
2.599999999999894063e-03	2.182052393738286966e+00
2.699999999999889988e-03	2.182835798041884434e+00
2.799999999999885913e-03	2.183291350473366865e+00
2.899999999999881839e-03	2.183537950153874085e+00
2.999999999999877764e-03	2.184027730475903262e+00
3.099999999999873690e-03	2.183812552309750021e+00
3.199999999999869615e-03	2.184484788425141044e+00
3.299999999999865541e-03	2.184189676202789254e+00
3.399999999999861466e-03	2.184281678936845328e+00
3.499999999999857392e-03	2.184247693935081447e+00
3.599999999999853317e-03	2.184141760936978649e+00
3.699999999999849243e-03	2.183971493339275760e+00
3.799999999999845168e-03	2.184377064901330101e+00
3.899999999999841094e-03	2.182702946422478529e+00
3.999999999999837019e-03	2.181936881881581858e+00
4.099999999999832945e-03	2.181281525692241097e+00
4.199999999999828870e-03	2.181951446307793585e+00
4.299999999999824796e-03	2.182927800549439912e+00
4.399999999999820721e-03	2.185320695366658850e+00
4.499999999999816647e-03	2.188053727904201384e+00
4.599999999999812572e-03	2.189258378799761484e+00
4.699999999999808498e-03	2.189933573571041237e+00
4.799999999999804423e-03	2.190183312655150871e+00
4.899999999999800349e-03	2.190140727229909157e+00
4.999999999999796274e-03	2.191180005669388198e+00
5.099999999999792200e-03	2.191168088172030348e+00
5.199999999999788125e-03	2.190324172984013273e+00
5.299999999999784051e-03	2.188995272700964723e+00
5.399999999999779976e-03	2.189607866257142543e+00
5.499999999999775901e-03	2.191010757328849756e+00
5.599999999999771827e-03	2.191740799888444613e+00
5.699999999999767752e-03	2.191195629468534189e+00
5.799999999999763678e-03	2.189272299414743550e+00
5.899999999999759603e-03	2.188121147388682353e+00
5.999999999999755529e-03	2.186623709896113876e+00
6.099999999999751454e-03	2.186212424034777335e+00
6.199999999999747380e-03	2.186949164981085492e+00
6.299999999999743305e-03	2.188462597116918040e+00
6.399999999999739231e-03	2.189358156299191727e+00
6.499999999999735156e-03	2.187813657493016706e+00
6.599999999999731082e-03	2.188033803523614207e+00
6.699999999999727007e-03	2.188451645591190875e+00
6.799999999999722933e-03	2.190580670661901319e+00
6.899999999999718858e-03	2.193666915486534474e+00
6.999999999999714784e-03	2.196123314245211677e+00
7.099999999999710709e-03	2.196448438132898584e+00
7.199999999999706635e-03	2.195618649808738887e+00
7.299999999999702560e-03	2.195949568980848365e+00
7.399999999999698486e-03	2.198661243451399017e+00
7.499999999999694411e-03	2.202561359083045289e+00
7.599999999999690337e-03	2.206292155196030169e+00
7.699999999999686262e-03	2.206472081096066962e+00
7.799999999999682188e-03	2.206236699422773118e+00
7.899999999999678113e-03	2.206886684548905908e+00
7.999999999999674039e-03	2.209408269495816146e+00
8.099999999999669964e-03	2.211538229794422161e+00
8.199999999999665889e-03	2.213530943377916227e+00
8.299999999999661815e-03	2.215690508478249665e+00
8.399999999999657740e-03	2.217365720539718588e+00
8.499999999999653666e-03	2.219990396940067612e+00
8.599999999999649591e-03	2.222462877951317139e+00
8.699999999999645517e-03	2.226843158806146139e+00
8.799999999999641442e-03	2.232416347912410615e+00
8.899999999999637368e-03	2.236509228357467904e+00
8.999999999999633293e-03	2.239056585615548656e+00
9.099999999999629219e-03	2.240366891442554742e+00
9.199999999999625144e-03	2.244128155060207241e+00
9.299999999999621070e-03	2.248618433546866857e+00
9.399999999999616995e-03	2.255030342631393125e+00
9.499999999999612921e-03	2.261613292301153599e+00
9.599999999999608846e-03	2.267021681481458550e+00
9.699999999999604772e-03	2.271950465840174793e+00
9.799999999999600697e-03	2.275355940714097525e+00
9.899999999999596623e-03	2.280213487237470193e+00
9.999999999999592548e-03	2.285299576957316781e+00
1.009999999999958847e-02	2.291308134778866634e+00
1.019999999999958440e-02	2.297267090314687010e+00
1.029999999999958032e-02	2.303735480624550469e+00
1.039999999999957625e-02	2.308671476372082587e+00
1.049999999999957218e-02	2.313354080003463764e+00
1.059999999999956810e-02	2.318067220347080681e+00
1.069999999999956403e-02	2.324284385317480162e+00
1.079999999999955995e-02	2.330962297544000972e+00
1.089999999999955588e-02	2.337436531569226705e+00
1.099999999999955180e-02	2.343628577785891842e+00
1.109999999999954773e-02	2.351000349245682131e+00
1.119999999999954365e-02	2.358773911335270590e+00
1.129999999999953958e-02	2.367470403228500775e+00
1.139999999999953550e-02	2.376369586846948767e+00
1.149999999999953143e-02	2.384948976182254210e+00
1.159999999999952736e-02	2.392171886052619989e+00
1.169999999999952328e-02	2.398678846720752933e+00
1.179999999999951921e-02	2.406224338696921539e+00
1.189999999999951513e-02	2.414403274640084085e+00
1.199999999999951106e-02	2.423468321490090727e+00
1.209999999999950698e-02	2.431996537477598253e+00
1.219999999999950291e-02	2.439189063856898709e+00
1.229999999999949883e-02	2.447177418238871915e+00
1.239999999999949476e-02	2.456212342455155628e+00
1.249999999999949069e-02	2.465221588370519079e+00
1.259999999999948661e-02	2.474585037066432847e+00
1.269999999999948254e-02	2.483937660648667833e+00
1.279999999999947846e-02	2.493340213022355645e+00
1.289999999999947439e-02	2.504270181433589926e+00
1.299999999999947031e-02	2.517276903385624820e+00
1.309999999999946624e-02	2.529874004282818500e+00
1.319999999999946216e-02	2.541558561619877032e+00
1.329999999999945809e-02	2.551749878511258895e+00
1.339999999999945401e-02	2.561093222975798334e+00
1.349999999999944994e-02	2.569409876015865901e+00
1.359999999999944587e-02	2.579301444760387252e+00
1.369999999999944179e-02	2.590031355752777653e+00
1.379999999999943772e-02	2.601950062625780102e+00
1.389999999999943364e-02	2.614604676581360199e+00
1.399999999999942957e-02	2.625754345594595307e+00
1.409999999999942549e-02	2.638352538381846912e+00
1.419999999999942142e-02	2.650966406213234983e+00
1.429999999999941734e-02	2.664874994378132911e+00
1.439999999999941327e-02	2.679292209327397423e+00
1.449999999999940919e-02	2.692784860582376538e+00
1.459999999999940512e-02	2.705851926579510902e+00
1.469999999999940105e-02	2.719251055381693760e+00
1.479999999999939697e-02	2.734945455795725344e+00
1.489999999999939290e-02	2.751446427115602944e+00
1.499999999999938882e-02	2.766211682246319192e+00
1.509999999999938475e-02	2.778670252334572766e+00
1.519999999999938067e-02	2.791109193359381013e+00
1.529999999999937660e-02	2.803851814815225385e+00
1.539999999999937252e-02	2.817714476398960777e+00
1.549999999999936845e-02	2.833529455188017021e+00
1.559999999999936438e-02	2.851688534345999670e+00
1.569999999999936030e-02	2.870246793608097757e+00
1.579999999999935623e-02	2.887103180711202199e+00
1.589999999999935215e-02	2.904165871173003399e+00
1.599999999999934808e-02	2.920259722187594331e+00
1.609999999999934400e-02	2.936700493531078759e+00
1.619999999999933993e-02	2.954813014605229604e+00
1.629999999999933585e-02	2.974113564604578652e+00
1.639999999999933178e-02	2.993118074860688260e+00
1.649999999999932770e-02	3.011027202549062753e+00
1.659999999999932363e-02	3.029062095322998971e+00
1.669999999999931956e-02	3.046763524557816627e+00
1.679999999999931548e-02	3.065427712996861231e+00
1.689999999999931141e-02	3.087586126649909168e+00
1.699999999999930733e-02	3.109833002412332625e+00
1.709999999999930326e-02	3.131752586019062257e+00
1.719999999999929918e-02	3.151624679189894085e+00
1.729999999999929511e-02	3.169871774396148201e+00
1.739999999999929103e-02	3.188457423166967342e+00
1.749999999999928696e-02	3.208614806741504122e+00
1.759999999999928288e-02	3.231531959443092461e+00
1.769999999999927881e-02	3.253801455535758169e+00
1.779999999999927474e-02	3.275996457623050251e+00
1.789999999999927066e-02	3.297403674977919419e+00
1.799999999999926659e-02	3.320640174431300551e+00
1.809999999999926251e-02	3.345047018662531180e+00
1.819999999999925844e-02	3.371897360637816199e+00
1.829999999999925436e-02	3.398241379878585988e+00
1.839999999999925029e-02	3.425112563935419630e+00
1.849999999999924621e-02	3.451371614729907389e+00
1.859999999999924214e-02	3.476668982987736634e+00
1.869999999999923807e-02	3.502669183490914939e+00
1.879999999999923399e-02	3.530155944495918074e+00
1.889999999999922992e-02	3.559838025398984751e+00
1.899999999999922584e-02	3.590421944160049339e+00
1.909999999999922177e-02	3.620181591587598113e+00
1.919999999999921769e-02	3.651327969951415842e+00
1.929999999999921362e-02	3.682735298013674274e+00
1.939999999999920954e-02	3.716099717028288563e+00
1.949999999999920547e-02	3.748223255177675295e+00
1.959999999999920139e-02	3.781016731876407189e+00
1.969999999999919732e-02	3.813810887883366973e+00
1.979999999999919325e-02	3.849664158749568355e+00
1.989999999999918917e-02	3.884203951745443639e+00
1.999999999999918510e-02	3.921065951632332514e+00
2.009999999999918102e-02	3.960137888319883004e+00
2.019999999999917695e-02	3.997062073014673089e+00
2.029999999999917287e-02	4.035878721092518440e+00
2.039999999999916880e-02	4.075572568679964647e+00
2.049999999999916472e-02	4.115002234184816032e+00
2.059999999999916065e-02	4.153189450937643912e+00
2.069999999999915657e-02	4.192417697030476731e+00
2.079999999999915250e-02	4.231545842817926228e+00
2.089999999999914843e-02	4.272079945410462543e+00
2.099999999999914435e-02	4.314628289937623151e+00
2.109999999999914028e-02	4.358313444401442638e+00
2.119999999999913620e-02	4.406150770065092814e+00
2.129999999999913213e-02	4.454072094352058642e+00
2.139999999999912805e-02	4.501897810987466997e+00
2.149999999999912398e-02	4.550489502456473545e+00
2.159999999999911990e-02	4.598048220008323028e+00
2.169999999999911583e-02	4.645208882796575622e+00
2.179999999999911175e-02	4.695091749309039386e+00
2.189999999999910768e-02	4.748478233352580347e+00
2.199999999999910361e-02	4.802577167027605398e+00
2.209999999999909953e-02	4.856855583761801043e+00
2.219999999999909546e-02	4.910367132006673074e+00
2.229999999999909138e-02	4.963119461732649285e+00
2.239999999999908731e-02	5.020444400048498679e+00
2.249999999999908323e-02	5.079518301746007936e+00
2.259999999999907916e-02	5.143204928037938828e+00
2.269999999999907508e-02	5.204142939006509039e+00
2.279999999999907101e-02	5.266572107063918651e+00
2.289999999999906694e-02	5.330656952133413284e+00
2.299999999999906286e-02	5.395089609160256927e+00
2.309999999999905879e-02	5.463571813963678636e+00
2.319999999999905471e-02	5.535209017826414168e+00
2.329999999999905064e-02	5.608973293115392167e+00
2.339999999999904656e-02	5.682997587837567366e+00
2.349999999999904249e-02	5.756652077288467950e+00
2.359999999999903841e-02	5.831415943812210401e+00
2.369999999999903434e-02	5.908587208918694600e+00
2.379999999999903026e-02	5.988695014643266035e+00
2.389999999999902619e-02	6.072954791757922521e+00
2.399999999999902212e-02	6.156366055036114560e+00
2.409999999999901804e-02	6.240824998663887513e+00
2.419999999999901397e-02	6.327827444927216050e+00
2.429999999999900989e-02	6.419208512498348895e+00
2.439999999999900582e-02	6.511172491311381094e+00
2.449999999999900174e-02	6.604987309805244067e+00
2.459999999999899767e-02	6.700936081252654830e+00
2.469999999999899359e-02	6.802461046994480398e+00
2.479999999999898952e-02	6.907005138555145862e+00
2.489999999999898544e-02	7.014389224377406862e+00
2.499999999999898137e-02	7.124792159344831788e+00
2.509999999999897730e-02	7.237953176571535252e+00
2.519999999999897322e-02	7.353594544316809589e+00
2.529999999999896915e-02	7.471840032329271963e+00
2.539999999999896507e-02	7.591505529315515588e+00
2.549999999999896100e-02	7.715273576175189163e+00
2.559999999999895692e-02	7.844432278167694506e+00
2.569999999999895285e-02	7.979731547891331545e+00
2.579999999999894877e-02	8.117105506703083506e+00
2.589999999999894470e-02	8.257309623676967192e+00
2.599999999999894063e-02	8.400920972366250794e+00
2.609999999999893655e-02	8.549151805833007600e+00
2.619999999999893248e-02	8.703885083495714881e+00
2.629999999999892840e-02	8.863664623278916466e+00
2.639999999999892433e-02	9.031762209496926985e+00
2.649999999999892025e-02	9.201638588883312764e+00
2.659999999999891618e-02	9.375175819113165332e+00
2.669999999999891210e-02	9.554484827543591408e+00
2.679999999999890803e-02	9.740866427650368919e+00
2.689999999999890395e-02	9.933091204527432438e+00
2.699999999999889988e-02	1.013097564145863139e+01
2.709999999999889581e-02	1.033408868505366840e+01
2.719999999999889173e-02	1.054464390984415623e+01
2.729999999999888766e-02	1.076344032488329283e+01
2.739999999999888358e-02	1.099096498938994948e+01
2.749999999999887951e-02	1.122632100256768162e+01
2.759999999999887543e-02	1.147011481437940184e+01
2.769999999999887136e-02	1.172533727046589647e+01
2.779999999999886728e-02	1.199235300308468943e+01
2.789999999999886321e-02	1.226822521844145797e+01
2.799999999999885913e-02	1.255412737675328927e+01
2.809999999999885506e-02	1.284894096141560738e+01
2.819999999999885099e-02	1.315445906023249911e+01
2.829999999999884691e-02	1.347410101241901614e+01
2.839999999999884284e-02	1.380544040020538965e+01
2.849999999999883876e-02	1.415164503322659861e+01
2.859999999999883469e-02	1.451139190975194992e+01
2.869999999999883061e-02	1.488545320706587560e+01
2.879999999999882654e-02	1.527466467002201789e+01
2.889999999999882246e-02	1.567868562400587784e+01
2.899999999999881839e-02	1.609925168661206385e+01
2.909999999999881432e-02	1.653126464748308422e+01
2.919999999999881024e-02	1.697247307239945968e+01
2.929999999999880617e-02	1.742357350912245550e+01
2.939999999999880209e-02	1.788765658320165386e+01
2.949999999999879802e-02	1.836264718070010105e+01
2.959999999999879394e-02	1.885290508577981683e+01
2.969999999999878987e-02	1.934886629370392797e+01
2.979999999999878579e-02	1.984269633580512959e+01
2.989999999999878172e-02	2.033463596968048392e+01
2.999999999999877764e-02	2.083834559858580349e+01
3.009999999999877357e-02	2.135386928561523945e+01
3.019999999999876950e-02	2.189398094751276602e+01
3.029999999999876542e-02	2.241094565064447153e+01
3.039999999999876135e-02	2.294662103332266412e+01
3.049999999999875727e-02	2.345614738244967157e+01
3.059999999999875320e-02	2.395128847339087486e+01
3.069999999999874912e-02	2.444431273178638975e+01
3.079999999999874505e-02	2.494581965133071577e+01
3.089999999999874097e-02	2.544882068169112443e+01
3.099999999999873690e-02	2.591559428804280429e+01
3.109999999999873282e-02	2.637551528330926232e+01
3.119999999999872875e-02	2.680300530535092207e+01
3.129999999999872468e-02	2.719620196202613727e+01
3.139999999999872060e-02	2.757800237643570540e+01
3.149999999999871653e-02	2.792701655979153941e+01
3.159999999999871245e-02	2.823314190771662879e+01
3.169999999999870838e-02	2.851154546310078786e+01
3.179999999999870430e-02	2.877604273765655307e+01
3.189999999999870023e-02	2.899332562042834383e+01
3.199999999999869615e-02	2.917898662162602363e+01
3.209999999999869208e-02	2.934345704991921622e+01
3.219999999999868801e-02	2.944787308196517728e+01
3.229999999999868393e-02	2.953170401223186303e+01
3.239999999999867986e-02	2.959701771767490897e+01
3.249999999999867578e-02	2.967309155755760486e+01
3.259999999999867171e-02	2.973136481783588181e+01
3.269999999999866763e-02	2.978830621496891951e+01
3.279999999999866356e-02	2.985094525236495144e+01
3.289999999999865948e-02	2.989008658490509163e+01
3.299999999999865541e-02	2.992195431587056476e+01
3.309999999999865133e-02	2.995027241854566569e+01
3.319999999999864726e-02	2.995394780128128787e+01
3.329999999999864319e-02	2.994694752289451145e+01
3.339999999999863911e-02	2.995667728189142309e+01
3.349999999999863504e-02	2.997058285060463589e+01
3.359999999999863096e-02	2.997976013404171880e+01
3.369999999999862689e-02	2.998582651417928702e+01
3.379999999999862281e-02	2.997875548134497592e+01
3.389999999999861874e-02	2.998150907925298014e+01
3.399999999999861466e-02	2.999031442350701582e+01
3.409999999999861059e-02	2.998633520197915203e+01
3.419999999999860651e-02	2.997898401918453004e+01
3.429999999999860244e-02	2.998184685343912292e+01
3.439999999999859837e-02	2.998522789087417095e+01
3.449999999999859429e-02	2.998652297626144758e+01
3.459999999999859022e-02	2.998696243709503051e+01
3.469999999999858614e-02	2.997651278932952579e+01
3.479999999999858207e-02	2.996258544596613405e+01
3.489999999999857799e-02	2.995730959553270623e+01
3.499999999999857392e-02	2.995686278456672369e+01
3.509999999999856984e-02	2.995382814697319418e+01
3.519999999999856577e-02	2.994526051291610713e+01
3.529999999999856169e-02	2.993113334667594216e+01
3.539999999999855762e-02	2.991236677896738883e+01
3.549999999999855355e-02	2.989183467490832413e+01
3.559999999999854947e-02	2.987188024630909666e+01
3.569999999999854540e-02	2.985485364762873672e+01
3.579999999999854132e-02	2.984094825907819626e+01
3.589999999999853725e-02	2.983123102474827704e+01
3.599999999999853317e-02	2.982109609213528501e+01
3.609999999999852910e-02	2.980937847772867855e+01
3.619999999999852502e-02	2.979604700706793352e+01
3.629999999999852095e-02	2.978007524647484416e+01
3.639999999999851688e-02	2.976460021810184031e+01
3.649999999999851280e-02	2.975154870781399552e+01
3.659999999999850873e-02	2.973708843664666546e+01
3.669999999999850465e-02	2.972381317283317514e+01
3.679999999999850058e-02	2.971105230555898657e+01
3.689999999999849650e-02	2.969842510029256744e+01
3.699999999999849243e-02	2.968822584286167654e+01
3.709999999999848835e-02	2.967646351750813238e+01
3.719999999999848428e-02	2.966472421682432525e+01
3.729999999999848020e-02	2.965475200931619071e+01
3.739999999999847613e-02	2.964455980714871686e+01
3.749999999999847206e-02	2.963344970725070482e+01
3.759999999999846798e-02	2.962318463310607797e+01
3.769999999999846391e-02	2.961542097923527450e+01
3.779999999999845983e-02	2.960944188052290826e+01
3.789999999999845576e-02	2.960262414010596643e+01
3.799999999999845168e-02	2.959669851685464437e+01
3.809999999999844761e-02	2.959265160648372728e+01
3.819999999999844353e-02	2.958845668515815674e+01
3.829999999999843946e-02	2.958269551300011813e+01
3.839999999999843538e-02	2.957498494374791420e+01
3.849999999999843131e-02	2.956889233071282774e+01
3.859999999999842724e-02	2.956426571252857372e+01
3.869999999999842316e-02	2.956088035761241883e+01
3.879999999999841909e-02	2.955903555634964874e+01
3.889999999999841501e-02	2.955973491680875043e+01
3.899999999999841094e-02	2.955898717197613479e+01
3.909999999999840686e-02	2.955786038914720848e+01
3.919999999999840279e-02	2.955646626372431029e+01
3.929999999999839871e-02	2.955582733926126338e+01
3.939999999999839464e-02	2.955739892916358968e+01
3.949999999999839057e-02	2.956234587374677858e+01
3.959999999999838649e-02	2.956910438455972923e+01
3.969999999999838242e-02	2.957409644219293199e+01
3.979999999999837834e-02	2.957940606525092875e+01
3.989999999999837427e-02	2.958533336401112024e+01
3.999999999999837019e-02	2.959265998387733276e+01
4.009999999999836612e-02	2.960435639684295950e+01
4.019999999999836204e-02	2.961902690913112224e+01
4.029999999999835797e-02	2.963533971127525746e+01
4.039999999999835389e-02	2.965207850943362189e+01
4.049999999999834982e-02	2.966959091671226645e+01
4.059999999999834575e-02	2.968748804953345655e+01
4.069999999999834167e-02	2.970711070701755574e+01
4.079999999999833760e-02	2.973195155176579618e+01
4.089999999999833352e-02	2.976091832577559160e+01
4.099999999999832945e-02	2.979077933431184277e+01
4.109999999999832537e-02	2.982199521997345215e+01
4.119999999999832130e-02	2.985564388976208505e+01
4.129999999999831722e-02	2.989338577617458270e+01
4.139999999999831315e-02	2.993762752858440734e+01
4.149999999999830907e-02	2.998409979647714607e+01
4.159999999999830500e-02	3.003204892672660975e+01
4.169999999999830093e-02	3.008210198849507577e+01
4.179999999999829685e-02	3.013479106074453284e+01
4.189999999999829278e-02	3.019088921774371670e+01
4.199999999999828870e-02	3.025093276531237052e+01
4.209999999999828463e-02	3.031543289013846021e+01
4.219999999999828055e-02	3.038333930472247602e+01
4.229999999999827648e-02	3.045493552183634733e+01
4.239999999999827240e-02	3.052827351634413588e+01
4.249999999999826833e-02	3.060458412983657439e+01
4.259999999999826426e-02	3.068251894508638600e+01
4.269999999999826018e-02	3.076389071051204382e+01
4.279999999999825611e-02	3.084746501359207826e+01
4.289999999999825203e-02	3.093167384129333186e+01
4.299999999999824796e-02	3.101630517335981807e+01
4.309999999999824388e-02	3.110173563784104545e+01
4.319999999999823981e-02	3.118956967371325106e+01
4.329999999999823573e-02	3.128051952555821913e+01
4.339999999999823166e-02	3.137355155460655709e+01
4.349999999999822758e-02	3.146872323881036237e+01
4.359999999999822351e-02	3.156513845180884204e+01
4.369999999999821944e-02	3.166213949315885401e+01
4.379999999999821536e-02	3.176015530736135162e+01
4.389999999999821129e-02	3.185834996033028688e+01
4.399999999999820721e-02	3.195847337100855867e+01
4.409999999999820314e-02	3.205954140032173427e+01
4.419999999999819906e-02	3.216132261260980840e+01
4.429999999999819499e-02	3.226357117636542426e+01
4.439999999999819091e-02	3.236595262855333743e+01
4.449999999999818684e-02	3.247122168284385424e+01
4.459999999999818276e-02	3.257614891191840201e+01
4.469999999999817869e-02	3.268164154397547350e+01
4.479999999999817462e-02	3.278711558302359208e+01
4.489999999999817054e-02	3.289510064932724021e+01
4.499999999999816647e-02	3.300730105623306798e+01
4.509999999999816239e-02	3.312385360357120589e+01
4.519999999999815832e-02	3.324604802493651334e+01
4.529999999999815424e-02	3.337552189739518838e+01
4.539999999999815017e-02	3.351690850835383628e+01
4.549999999999814609e-02	3.367499789389373888e+01
4.559999999999814202e-02	3.385974412445832371e+01
4.569999999999813795e-02	3.408729882004244871e+01
4.579999999999813387e-02	3.437790802177801197e+01
4.589999999999812980e-02	3.476649294365955711e+01
4.599999999999812572e-02	3.531004486286851574e+01
4.609999999999812165e-02	3.609951190702275881e+01
4.619999999999811757e-02	3.725650530217247081e+01
4.629999999999811350e-02	3.894668740094289205e+01
4.639999999999810942e-02	4.140260903200039877e+01
4.649999999999810535e-02	4.493151610509967497e+01
4.659999999999810127e-02	4.992200169996051073e+01
4.669999999999809720e-02	5.683987437015862554e+01
4.679999999999809313e-02	6.605934725015802655e+01
4.689999999999808905e-02	7.702793534454966107e+01
4.699999999999808498e-02	8.461593354739373751e+01
4.709999999999808090e-02	8.968654832382655684e+01
4.719999999999807683e-02	9.302197556647070087e+01
4.729999999999807275e-02	9.321182401626970204e+01
4.739999999999806868e-02	9.390033863836639227e+01
4.749999999999806460e-02	9.380833625181436730e+01
4.759999999999806053e-02	9.330639709867830334e+01
4.769999999999805645e-02	9.287105862997542260e+01
4.779999999999805238e-02	9.135171604329106287e+01
4.789999999999804831e-02	9.004455062480322169e+01
4.799999999999804423e-02	8.932318795121778976e+01
4.809999999999804016e-02	8.883003687997076270e+01
4.819999999999803608e-02	8.786526219756076728e+01
4.829999999999803201e-02	8.613748345795700345e+01
4.839999999999802793e-02	8.492295068816179082e+01
4.849999999999802386e-02	8.416193708929371553e+01
4.859999999999801978e-02	8.316198931993264409e+01
4.869999999999801571e-02	8.221645558789501251e+01
4.879999999999801163e-02	8.096501422629648914e+01
4.889999999999800756e-02	7.943804392021819183e+01
4.899999999999800349e-02	7.824144403312762108e+01
4.909999999999799941e-02	7.699813671325756559e+01
4.919999999999799534e-02	7.592592380062561119e+01
4.929999999999799126e-02	7.473721452851415847e+01
4.939999999999798719e-02	7.408515803369850516e+01
4.949999999999798311e-02	7.345339297607560525e+01
4.959999999999797904e-02	7.255287292429694901e+01
4.969999999999797496e-02	7.169260494685478591e+01
4.979999999999797089e-02	7.082497411798976827e+01
4.989999999999796682e-02	6.982543014600349807e+01
4.999999999999796274e-02	6.896278079623824908e+01
5.009999999999795867e-02	6.806058919815653496e+01
5.019999999999795459e-02	6.708049875549757246e+01
5.029999999999795052e-02	6.617216092354591694e+01
5.039999999999794644e-02	6.529158868945941663e+01
5.049999999999794237e-02	6.432261218586683071e+01
5.059999999999793829e-02	6.348302559537935252e+01
5.069999999999793422e-02	6.253993591153955833e+01
5.079999999999793014e-02	6.162698062844366831e+01
5.089999999999792607e-02	6.075112708359188218e+01
5.099999999999792200e-02	5.996030683447032317e+01
5.109999999999791792e-02	5.920385886710085543e+01
5.119999999999791385e-02	5.844136799598198451e+01
5.129999999999790977e-02	5.768001779478711910e+01
5.139999999999790570e-02	5.689558286646001051e+01
5.149999999999790162e-02	5.611502793337538719e+01
5.159999999999789755e-02	5.535563810437830767e+01
5.169999999999789347e-02	5.457074626401665540e+01
5.179999999999788940e-02	5.382921364795648600e+01
5.189999999999788532e-02	5.308173165932822002e+01
5.199999999999788125e-02	5.243381679712000931e+01
5.209999999999787718e-02	5.177578094663963526e+01
5.219999999999787310e-02	5.112543312489341218e+01
5.229999999999786903e-02	5.047143534443192436e+01
5.239999999999786495e-02	4.983710203531925487e+01
5.249999999999786088e-02	4.922303322385297975e+01
5.259999999999785680e-02	4.860274163830608529e+01
5.269999999999785273e-02	4.799865269600899609e+01
5.279999999999784865e-02	4.742941576297037898e+01
5.289999999999784458e-02	4.686770318051282658e+01
5.299999999999784051e-02	4.630582741139585323e+01
5.309999999999783643e-02	4.576369635234009792e+01
5.319999999999783236e-02	4.523882230543323146e+01
5.329999999999782828e-02	4.469611441377681160e+01
5.339999999999782421e-02	4.418517695963925007e+01
5.349999999999782013e-02	4.369880288866306728e+01
5.359999999999781606e-02	4.320737541134231208e+01
5.369999999999781198e-02	4.274479277040850889e+01
5.379999999999780791e-02	4.229575089783157438e+01
5.389999999999780383e-02	4.185110851197629955e+01
5.399999999999779976e-02	4.140788747924337088e+01
5.409999999999779569e-02	4.098299278134519597e+01
5.419999999999779161e-02	4.055547521237717490e+01
5.429999999999778754e-02	4.014424476020383281e+01
5.439999999999778346e-02	3.976495389813047154e+01
5.449999999999777939e-02	3.938697945949585488e+01
5.459999999999777531e-02	3.901194382794573556e+01
5.469999999999777124e-02	3.865783730146254271e+01
5.479999999999776716e-02	3.831108483905919826e+01
5.489999999999776309e-02	3.795656866327602330e+01
5.499999999999775901e-02	3.760856685477843797e+01
5.509999999999775494e-02	3.727798900414139638e+01
5.519999999999775087e-02	3.694460240021540898e+01
5.529999999999774679e-02	3.662782787697241105e+01
5.539999999999774272e-02	3.633352642731576054e+01
5.549999999999773864e-02	3.604791304867229940e+01
5.559999999999773457e-02	3.576750162396409394e+01
5.569999999999773049e-02	3.549821820785115989e+01
5.579999999999772642e-02	3.523783479006723951e+01
5.589999999999772234e-02	3.496878357975275264e+01
5.599999999999771827e-02	3.470173556580486007e+01
5.609999999999771420e-02	3.444996819627171902e+01
5.619999999999771012e-02	3.421066727436839727e+01
5.629999999999770605e-02	3.398580655010064788e+01
5.639999999999770197e-02	3.377139187445095558e+01
5.649999999999769790e-02	3.356343856207722354e+01
5.659999999999769382e-02	3.335510447943691048e+01
5.669999999999768975e-02	3.315034279546482310e+01
5.679999999999768567e-02	3.294923857218722674e+01
5.689999999999768160e-02	3.275166598905740045e+01
5.699999999999767752e-02	3.256420027651911653e+01
5.709999999999767345e-02	3.238440196486327949e+01
5.719999999999766938e-02	3.220916517413304803e+01
5.729999999999766530e-02	3.203687456579575610e+01
5.739999999999766123e-02	3.186932557642705177e+01
5.749999999999765715e-02	3.170827590330737422e+01
5.759999999999765308e-02	3.155173000179141951e+01
5.769999999999764900e-02	3.139908994346316717e+01
5.779999999999764493e-02	3.124623456236112418e+01
5.789999999999764085e-02	3.109437585787183167e+01
5.799999999999763678e-02	3.095274233857520585e+01
5.809999999999763270e-02	3.082176436484952120e+01
5.819999999999762863e-02	3.069849220711014226e+01
5.829999999999762456e-02	3.057944962475416162e+01
5.839999999999762048e-02	3.046354623927777538e+01
5.849999999999761641e-02	3.034631036537899007e+01
5.859999999999761233e-02	3.022988000430756728e+01
5.869999999999760826e-02	3.011833556280482327e+01
5.879999999999760418e-02	3.001175169731251913e+01
5.889999999999760011e-02	2.991416470876639266e+01
5.899999999999759603e-02	2.982232453649315573e+01
5.909999999999759196e-02	2.973315504939689902e+01
5.919999999999758789e-02	2.964027232449294047e+01
5.929999999999758381e-02	2.954787216895758917e+01
5.939999999999757974e-02	2.946352408327990702e+01
5.949999999999757566e-02	2.938190361728993594e+01
5.959999999999757159e-02	2.930653573928697853e+01
5.969999999999756751e-02	2.923814633591925372e+01
5.979999999999756344e-02	2.916879850344672320e+01
5.989999999999755936e-02	2.910013906005146112e+01
5.999999999999755529e-02	2.903383311165571001e+01
6.009999999999755121e-02	2.897039885166626760e+01
6.019999999999754714e-02	2.890719768731026562e+01
6.029999999999754307e-02	2.884637522372930363e+01
6.039999999999753899e-02	2.878753744318849783e+01
6.049999999999753492e-02	2.872703600565364468e+01
6.059999999999753084e-02	2.866902964433844403e+01
6.069999999999752677e-02	2.861671626112777744e+01
6.079999999999752269e-02	2.856955080268242853e+01
6.089999999999751862e-02	2.852553238431841720e+01
6.099999999999751454e-02	2.848491917978346777e+01
6.109999999999751047e-02	2.844162235894449964e+01
6.119999999999750639e-02	2.839814234435008444e+01
6.129999999999750232e-02	2.835947050480519493e+01
6.139999999999749825e-02	2.832753914418240981e+01
6.149999999999749417e-02	2.829538896649635404e+01
6.159999999999749010e-02	2.826498910956394894e+01
6.169999999999748602e-02	2.823729364608437464e+01
6.179999999999748195e-02	2.821182377641510186e+01
6.189999999999747787e-02	2.818803561858813822e+01
6.199999999999747380e-02	2.816532911149612772e+01
6.209999999999746972e-02	2.814373775765787400e+01
6.219999999999746565e-02	2.812233591002002697e+01
6.229999999999746157e-02	2.810379388550065727e+01
6.239999999999745750e-02	2.808839133129859533e+01
6.249999999999745343e-02	2.807597703979723036e+01
6.259999999999744935e-02	2.806711386845429956e+01
6.269999999999745222e-02	2.806138956175604449e+01
6.279999999999744120e-02	2.805628188994283079e+01
6.289999999999743019e-02	2.804945258112848450e+01
6.299999999999743305e-02	2.804402906769855264e+01
6.309999999999743592e-02	2.804353041501499177e+01
6.319999999999742490e-02	2.804781227119851650e+01
6.329999999999741389e-02	2.805494742127070396e+01
6.339999999999741676e-02	2.806122318568547058e+01
6.349999999999741962e-02	2.806560881482806025e+01
6.359999999999740861e-02	2.807191771440975003e+01
6.369999999999739759e-02	2.808189592929662126e+01
6.379999999999740046e-02	2.809344005930236676e+01
6.389999999999740332e-02	2.810541963517741237e+01
6.399999999999739231e-02	2.811712634855486925e+01
6.409999999999738129e-02	2.813068499725589788e+01
6.419999999999738416e-02	2.814548804214693689e+01
6.429999999999738702e-02	2.816293410588686186e+01
6.439999999999737601e-02	2.818342949321872482e+01
6.449999999999736500e-02	2.820569314116880122e+01
6.459999999999736786e-02	2.823138959412984406e+01
6.469999999999737073e-02	2.825728083839779003e+01
6.479999999999735971e-02	2.828293464884102093e+01
6.489999999999734870e-02	2.831326096599963194e+01
6.499999999999735156e-02	2.834914217697088645e+01
6.509999999999735443e-02	2.838823091745904037e+01
6.519999999999734341e-02	2.842940552862984305e+01
6.529999999999733240e-02	2.847240707833476137e+01
6.539999999999733526e-02	2.851445348846884542e+01
6.549999999999733813e-02	2.855824390600614748e+01
6.559999999999732712e-02	2.860634506218713824e+01
6.569999999999731610e-02	2.865644600246381657e+01
6.579999999999731897e-02	2.870773452879650733e+01
6.589999999999732183e-02	2.876100725025650462e+01
6.599999999999731082e-02	2.881705591800280786e+01
6.609999999999729980e-02	2.887499468012826043e+01
6.619999999999730267e-02	2.893216211923636649e+01
6.629999999999730553e-02	2.899020677509972899e+01
6.639999999999729452e-02	2.904921158271125847e+01
6.649999999999728351e-02	2.910931852259741959e+01
6.659999999999728637e-02	2.917208920899101088e+01
6.669999999999728924e-02	2.923806779383757259e+01
6.679999999999727822e-02	2.930585232029627463e+01
6.689999999999726721e-02	2.937600994511813468e+01
6.699999999999727007e-02	2.944936621613987171e+01
6.709999999999727294e-02	2.952351126150672656e+01
6.719999999999726192e-02	2.960021739392844609e+01
6.729999999999725091e-02	2.967889165636497495e+01
6.739999999999725377e-02	2.975921600129942135e+01
6.749999999999725664e-02	2.984235543694741466e+01
6.759999999999724563e-02	2.992775064356494852e+01
6.769999999999723461e-02	3.001506647822095175e+01
6.779999999999723748e-02	3.010447970155549768e+01
6.789999999999724034e-02	3.019522305100944948e+01
6.799999999999722933e-02	3.028779785817641823e+01
6.809999999999721831e-02	3.037870758114969050e+01
6.819999999999722118e-02	3.047110042916226291e+01
6.829999999999722404e-02	3.056978393741533040e+01
6.839999999999721303e-02	3.067251421352388974e+01
6.849999999999720202e-02	3.077890492330194405e+01
6.859999999999720488e-02	3.088716314449413858e+01
6.869999999999720774e-02	3.099510181202650472e+01
6.879999999999719673e-02	3.110455439802721145e+01
6.889999999999718572e-02	3.121648253225902181e+01
6.899999999999718858e-02	3.133116872816919596e+01
6.909999999999719145e-02	3.144670581523519814e+01
6.919999999999718043e-02	3.156214644231577893e+01
6.929999999999716942e-02	3.167878598366646514e+01
6.939999999999717228e-02	3.179764455077541641e+01
6.949999999999717515e-02	3.191796680730051605e+01
6.959999999999716414e-02	3.204048906363263427e+01
6.969999999999715312e-02	3.216389005715304705e+01
6.979999999999715599e-02	3.229187330948795420e+01
6.989999999999715885e-02	3.242391697382604576e+01
6.999999999999714784e-02	3.255299665924903962e+01
7.009999999999713682e-02	3.267946278405283778e+01
7.019999999999713969e-02	3.280613093191730201e+01
7.029999999999714255e-02	3.293625529779642847e+01
7.039999999999713154e-02	3.306851078291189339e+01
7.049999999999712053e-02	3.320242441795737420e+01
7.059999999999712339e-02	3.333606395914638654e+01
7.069999999999712625e-02	3.346966941066020240e+01
7.079999999999711524e-02	3.360395517580799662e+01
7.089999999999710423e-02	3.373746335900006699e+01
7.099999999999710709e-02	3.386888100564890181e+01
7.109999999999710996e-02	3.400099107053591752e+01
7.119999999999709894e-02	3.413397509852275391e+01
7.129999999999708793e-02	3.426650076341837803e+01
7.139999999999709079e-02	3.439857553081582608e+01
7.149999999999709366e-02	3.453171426152035650e+01
7.159999999999708264e-02	3.466559067525684412e+01
7.169999999999707163e-02	3.479842991198372459e+01
7.179999999999707450e-02	3.493144085371807250e+01
7.189999999999707736e-02	3.506476669027671278e+01
7.199999999999706635e-02	3.519686664471499427e+01
7.209999999999705533e-02	3.532790816157667990e+01
7.219999999999705820e-02	3.545821220265903406e+01
7.229999999999706106e-02	3.558676464962059782e+01
7.239999999999705005e-02	3.571493196405911164e+01
7.249999999999703904e-02	3.584176085137198697e+01
7.259999999999704190e-02	3.596831816154275430e+01
7.269999999999704476e-02	3.609576085366349929e+01
7.279999999999703375e-02	3.622244963039587162e+01
7.289999999999702274e-02	3.634581730410627642e+01
7.299999999999702560e-02	3.646789046424622427e+01
7.309999999999702847e-02	3.659110650856634095e+01
7.319999999999701745e-02	3.671316876261995077e+01
7.329999999999700644e-02	3.683360774145523919e+01
7.339999999999700930e-02	3.695260570563593916e+01
7.349999999999701217e-02	3.707026790989608145e+01
7.359999999999700115e-02	3.718673567362414900e+01
7.369999999999699014e-02	3.730248676836987443e+01
7.379999999999699301e-02	3.741690831122986083e+01
7.389999999999699587e-02	3.753097388449529603e+01
7.399999999999698486e-02	3.764454116672484929e+01
7.409999999999697384e-02	3.775546010035978384e+01
7.419999999999697671e-02	3.786392656104122523e+01
7.429999999999697957e-02	3.797300772434066118e+01
7.439999999999696856e-02	3.807935888440096761e+01
7.449999999999695754e-02	3.818631598603749211e+01
7.459999999999696041e-02	3.829226477787879901e+01
7.469999999999696327e-02	3.839531640665459378e+01
7.479999999999695226e-02	3.849616733465470020e+01
7.489999999999694125e-02	3.859465018825433447e+01
7.499999999999694411e-02	3.869369717038043888e+01
7.509999999999694698e-02	3.879179224090567857e+01
7.519999999999693596e-02	3.888662741852353832e+01
7.529999999999692495e-02	3.897902866376861652e+01
7.539999999999692781e-02	3.906687779557111639e+01
7.549999999999693068e-02	3.915250233968259153e+01
7.559999999999691966e-02	3.923813020213292191e+01
7.569999999999690865e-02	3.932543136107909021e+01
7.579999999999691151e-02	3.941499614231566540e+01
7.589999999999691438e-02	3.950375810697209289e+01
7.599999999999690337e-02	3.959263971594781140e+01
7.609999999999689235e-02	3.967891537119450618e+01
7.619999999999689522e-02	3.976451104861873631e+01
7.629999999999689808e-02	3.984747505002535917e+01
7.639999999999688707e-02	3.992929523429542371e+01
7.649999999999687605e-02	4.000684488837750052e+01
7.659999999999687892e-02	4.008103402903122969e+01
7.669999999999688178e-02	4.015282885621666509e+01
7.679999999999687077e-02	4.022225014492867956e+01
7.689999999999685976e-02	4.029007895712058485e+01
7.699999999999686262e-02	4.035807876424424023e+01
7.709999999999686549e-02	4.042453321084793316e+01
7.719999999999685447e-02	4.048961099616855819e+01
7.729999999999684346e-02	4.055174873189836404e+01
7.739999999999684632e-02	4.061230681111330654e+01
7.749999999999684919e-02	4.067065698665540907e+01
7.759999999999683817e-02	4.072574106651073578e+01
7.769999999999682716e-02	4.077974644286749850e+01
7.779999999999683002e-02	4.083169085140544041e+01
7.789999999999683289e-02	4.088220237772120669e+01
7.799999999999682188e-02	4.093372435613213867e+01
7.809999999999681086e-02	4.098394176187994731e+01
7.819999999999681373e-02	4.103210375767603324e+01
7.829999999999681659e-02	4.107683655264084877e+01
7.839999999999680558e-02	4.111883005021627469e+01
7.849999999999679456e-02	4.115770168417346753e+01
7.859999999999679743e-02	4.119557949247841577e+01
7.869999999999680029e-02	4.123280233186737576e+01
7.879999999999678928e-02	4.126911683370163786e+01
7.889999999999677827e-02	4.130347976973071411e+01
7.899999999999678113e-02	4.133578830073025046e+01
7.909999999999678399e-02	4.136436265949976843e+01
7.919999999999677298e-02	4.139150248356020967e+01
7.929999999999676197e-02	4.141769966262862113e+01
7.939999999999676483e-02	4.144103100923589977e+01
7.949999999999676770e-02	4.146184499262724188e+01
7.959999999999675668e-02	4.148106764069572705e+01
7.969999999999674567e-02	4.149909719489971138e+01
7.979999999999674853e-02	4.151550819897987310e+01
7.989999999999675140e-02	4.153004796841118207e+01
7.999999999999674039e-02	4.154323548866818072e+01
8.009999999999672937e-02	4.155463918040608462e+01
8.019999999999673224e-02	4.156328452928016759e+01
8.029999999999673510e-02	4.156893374608757341e+01
8.039999999999672409e-02	4.157391566034316810e+01
8.049999999999671307e-02	4.157703756625105029e+01
8.059999999999671594e-02	4.157955031432486948e+01
8.069999999999671880e-02	4.158135925610583428e+01
8.079999999999670779e-02	4.158099244516967019e+01
8.089999999999669678e-02	4.157812071567796863e+01
8.099999999999669964e-02	4.157179277449677102e+01
8.109999999999670250e-02	4.156512616570041274e+01
8.119999999999669149e-02	4.155901173699936635e+01
8.129999999999668048e-02	4.155080786093217426e+01
8.139999999999668334e-02	4.154005237112729532e+01
8.149999999999668621e-02	4.152641353029048332e+01
8.159999999999667519e-02	4.151089464980520916e+01
8.169999999999666418e-02	4.149345609975537030e+01
8.179999999999666704e-02	4.147556807908157595e+01
8.189999999999666991e-02	4.145510894654757550e+01
8.199999999999665889e-02	4.143264646314792543e+01
8.209999999999664788e-02	4.140645296147348375e+01
8.219999999999665075e-02	4.137741699742699808e+01
8.229999999999665361e-02	4.134634223097503281e+01
8.239999999999664260e-02	4.131502527923753831e+01
8.249999999999663158e-02	4.128444929737607794e+01
8.259999999999663445e-02	4.125249028722515732e+01
8.269999999999663731e-02	4.121884436623003012e+01
8.279999999999662630e-02	4.118220185770410069e+01
8.289999999999661529e-02	4.114541190776449042e+01
8.299999999999661815e-02	4.110865253568038469e+01
8.309999999999662101e-02	4.107291023771732341e+01
8.319999999999661000e-02	4.103780069629890193e+01
8.329999999999659899e-02	4.100187456411979525e+01
8.339999999999660185e-02	4.096476916631424103e+01
8.349999999999660472e-02	4.092675793546869301e+01
8.359999999999659370e-02	4.088845346942461845e+01
8.369999999999658269e-02	4.085163097129792220e+01
8.379999999999658555e-02	4.081588585804855285e+01
8.389999999999658842e-02	4.078054657210873302e+01
8.399999999999657740e-02	4.074541262048294499e+01
8.409999999999656639e-02	4.070922015140652661e+01
8.419999999999656926e-02	4.067155366283209617e+01
8.429999999999657212e-02	4.063481616256603957e+01
8.439999999999656111e-02	4.059918540894375383e+01
8.449999999999655009e-02	4.056534333880949816e+01
8.459999999999655296e-02	4.053223244060263397e+01
8.469999999999655582e-02	4.049822155142095426e+01
8.479999999999654481e-02	4.046462442974389973e+01
8.489999999999653379e-02	4.043016004897161508e+01
8.499999999999653666e-02	4.039606710409676538e+01
8.509999999999653952e-02	4.036382018745603517e+01
8.519999999999652851e-02	4.033372837324716897e+01
8.529999999999651750e-02	4.030346809746281167e+01
8.539999999999652036e-02	4.027205081367339545e+01
8.549999999999652323e-02	4.024236811024805860e+01
8.559999999999651221e-02	4.021388705179771961e+01
8.569999999999650120e-02	4.018549916215050644e+01
8.579999999999650406e-02	4.015878031464851006e+01
8.589999999999650693e-02	4.013269367494817175e+01
8.599999999999649591e-02	4.010719397406569442e+01
8.609999999999648490e-02	4.008164880737982116e+01
8.619999999999648777e-02	4.005652087253110949e+01
8.629999999999649063e-02	4.003123818871994644e+01
8.639999999999647962e-02	4.000688546527645428e+01
8.649999999999646860e-02	3.998310104883060490e+01
8.659999999999647147e-02	3.996023622315959045e+01
8.669999999999647433e-02	3.993656169011292434e+01
8.679999999999646332e-02	3.991336706357443376e+01
8.689999999999645230e-02	3.988993629431485033e+01
8.699999999999645517e-02	3.986668935625348809e+01
8.709999999999645803e-02	3.984410754565068657e+01
8.719999999999644702e-02	3.982025802418555571e+01
8.729999999999643601e-02	3.979725526583272455e+01
8.739999999999643887e-02	3.977498476793955717e+01
8.749999999999644174e-02	3.975265892827123793e+01
8.759999999999643072e-02	3.973042333850185059e+01
8.769999999999641971e-02	3.970802503078794388e+01
8.779999999999642257e-02	3.968493696732815579e+01
8.789999999999642544e-02	3.966124842699505137e+01
8.799999999999641442e-02	3.963860600167090809e+01
8.809999999999640341e-02	3.961778743413702841e+01
8.819999999999640627e-02	3.959776740383181703e+01
8.829999999999640914e-02	3.957678162781456876e+01
8.839999999999639813e-02	3.955564097683279812e+01
8.849999999999638711e-02	3.953391896784263082e+01
8.859999999999638998e-02	3.951399954138069859e+01
8.869999999999639284e-02	3.949495596641053652e+01
8.879999999999638183e-02	3.947464356098622318e+01
8.889999999999637081e-02	3.945388047717719360e+01
8.899999999999637368e-02	3.943272421784737958e+01
8.909999999999637654e-02	3.941197457512760849e+01
8.919999999999636553e-02	3.939162432643993839e+01
8.929999999999635452e-02	3.937160035976647521e+01
8.939999999999635738e-02	3.935155634029312921e+01
8.949999999999636024e-02	3.933098196928535373e+01
8.959999999999634923e-02	3.930977657845047446e+01
8.969999999999633822e-02	3.928842245094070051e+01
8.979999999999634108e-02	3.926795923713481073e+01
8.989999999999634395e-02	3.924972851970152732e+01
8.999999999999633293e-02	3.923211074899099060e+01
9.009999999999632192e-02	3.921354660588040986e+01
9.019999999999632478e-02	3.919393547483626605e+01
9.029999999999632765e-02	3.917447626489776979e+01
9.039999999999631664e-02	3.915338589125487090e+01
9.049999999999630562e-02	3.913332848659655383e+01
9.059999999999630849e-02	3.911297659807119942e+01
9.069999999999631135e-02	3.909245139347305553e+01
9.079999999999630034e-02	3.907059791739066412e+01
9.089999999999628932e-02	3.904953372387962673e+01
9.099999999999629219e-02	3.902863680783545419e+01
9.109999999999629505e-02	3.900867794584205939e+01
9.119999999999628404e-02	3.898961332291170123e+01
9.129999999999627303e-02	3.897203944768781270e+01
9.139999999999627589e-02	3.895277745097216382e+01
9.149999999999627875e-02	3.893187452737587506e+01
9.159999999999626774e-02	3.890921630143279231e+01
9.169999999999625673e-02	3.888721669671167547e+01
9.179999999999625959e-02	3.886758222879737446e+01
9.189999999999626246e-02	3.884862163422433667e+01
9.199999999999625144e-02	3.882668439098704027e+01
9.209999999999624043e-02	3.880411771484001804e+01
9.219999999999624329e-02	3.877962390150872807e+01
9.229999999999624616e-02	3.875651161246252485e+01
9.239999999999623514e-02	3.873561500741853791e+01
9.249999999999622413e-02	3.871580635660907177e+01
9.259999999999622700e-02	3.869530029868553100e+01
9.269999999999622986e-02	3.867315106159859539e+01
9.279999999999621885e-02	3.865023102459496585e+01
9.289999999999620783e-02	3.862635155848192881e+01
9.299999999999621070e-02	3.860282707002681235e+01
9.309999999999621356e-02	3.858109104004808643e+01
9.319999999999620255e-02	3.855929337586767502e+01
9.329999999999619154e-02	3.853860610194115566e+01
9.339999999999619440e-02	3.851718594194736767e+01
9.349999999999619726e-02	3.849596943932542814e+01
9.359999999999618625e-02	3.847487431077736630e+01
9.369999999999617524e-02	3.845390892551566964e+01
9.379999999999617810e-02	3.843403385597056143e+01
9.389999999999618097e-02	3.841422059601784156e+01
9.399999999999616995e-02	3.839370881195181795e+01
9.409999999999615894e-02	3.837236917268686653e+01
9.419999999999616180e-02	3.835127143244911707e+01
9.429999999999616467e-02	3.833121939182868942e+01
9.439999999999615365e-02	3.831221997277146585e+01
9.449999999999614264e-02	3.829207372895675121e+01
9.459999999999614551e-02	3.827150142982006287e+01
9.469999999999614837e-02	3.825010889797482605e+01
9.479999999999613736e-02	3.822899610082608035e+01
9.489999999999612634e-02	3.820856068687520946e+01
9.499999999999612921e-02	3.818720172295005710e+01
9.509999999999613207e-02	3.816737105157228171e+01
9.519999999999612106e-02	3.814613750523250957e+01
9.529999999999611004e-02	3.812561620082551173e+01
9.539999999999611291e-02	3.810451516678708828e+01
9.549999999999611577e-02	3.808447733722813666e+01
9.559999999999610476e-02	3.806588560893781903e+01
9.569999999999609375e-02	3.804627569694832800e+01
9.579999999999609661e-02	3.802494790200940145e+01
9.589999999999609948e-02	3.800368459249562392e+01
9.599999999999608846e-02	3.798408693671503045e+01
9.609999999999607745e-02	3.796647812700008728e+01
9.619999999999608031e-02	3.794891751468144037e+01
9.629999999999608318e-02	3.793088021259739406e+01
9.639999999999607216e-02	3.791081968549848114e+01
9.649999999999606115e-02	3.789079127450709450e+01
9.659999999999606402e-02	3.787059106305908074e+01
9.669999999999606688e-02	3.785048625822768287e+01
9.679999999999605587e-02	3.783170857711886015e+01
9.689999999999604485e-02	3.781269897180008144e+01
9.699999999999604772e-02	3.779470135398351971e+01
9.709999999999605058e-02	3.777700612408997216e+01
9.719999999999603957e-02	3.775888055885884853e+01
9.729999999999602855e-02	3.774073345303245475e+01
9.739999999999603142e-02	3.772187836789090198e+01
9.749999999999603428e-02	3.770306427744665001e+01
9.759999999999602327e-02	3.768372545755541836e+01
9.769999999999601226e-02	3.766388626775030701e+01
9.779999999999601512e-02	3.764454909610581268e+01
9.789999999999601799e-02	3.762765392754437244e+01
9.799999999999600697e-02	3.761430509160195612e+01
9.809999999999599596e-02	3.760196556133212198e+01
9.819999999999599882e-02	3.758915957533886854e+01
9.829999999999600169e-02	3.757464027733822576e+01
9.839999999999599067e-02	3.755923625593118231e+01
9.849999999999597966e-02	3.754390302818370628e+01
9.859999999999598252e-02	3.752774771479479199e+01
9.869999999999598539e-02	3.751298842358129804e+01
9.879999999999597438e-02	3.749741925190178904e+01
9.889999999999596336e-02	3.748169731064698595e+01
9.899999999999596623e-02	3.746513673232454522e+01
9.909999999999596909e-02	3.744685344106292746e+01
9.919999999999595808e-02	3.743016539732236225e+01
9.929999999999594706e-02	3.741518649111209527e+01
9.939999999999594993e-02	3.740164558323466792e+01
9.949999999999595279e-02	3.738789544481988969e+01
9.959999999999594178e-02	3.737367915598321844e+01
9.969999999999593077e-02	3.735946621634918330e+01
9.979999999999593363e-02	3.734401117444846108e+01
9.989999999999593649e-02	3.732951237246275866e+01
9.999999999999592548e-02	3.731475723363431740e+01
1.000999999999959145e-01	3.729928164316053341e+01
1.001999999999959173e-01	3.728347026027235955e+01
1.002999999999959202e-01	3.726843193608068106e+01
1.003999999999959092e-01	3.725277731886870214e+01
1.004999999999958982e-01	3.723825312412508026e+01
1.005999999999959010e-01	3.722681465074321494e+01
1.006999999999959039e-01	3.721492366621038173e+01
1.007999999999958929e-01	3.720430381179922108e+01
1.008999999999958819e-01	3.719284509551128792e+01
1.009999999999958847e-01	3.718109243239165096e+01
1.010999999999958876e-01	3.716926978612068666e+01
1.011999999999958766e-01	3.715745838738502727e+01
1.012999999999958656e-01	3.714777443991239636e+01
1.013999999999958684e-01	3.713829368907475725e+01
1.014999999999958713e-01	3.712944827164216122e+01
1.015999999999958603e-01	3.712159766502185221e+01
1.016999999999958493e-01	3.711110135044651770e+01
1.017999999999958521e-01	3.710040676056361519e+01
1.018999999999958550e-01	3.709037110274861249e+01
1.019999999999958440e-01	3.708154051951902375e+01
1.020999999999958330e-01	3.707267716926836698e+01
1.021999999999958358e-01	3.706329185880272092e+01
1.022999999999958387e-01	3.705393483947009514e+01
1.023999999999958277e-01	3.704410472512332575e+01
1.024999999999958167e-01	3.703461867270534924e+01
1.025999999999958195e-01	3.702577769207702829e+01
1.026999999999958224e-01	3.701658105350763606e+01
1.027999999999958114e-01	3.700710123231172588e+01
1.028999999999958004e-01	3.699714642949417964e+01
1.029999999999958032e-01	3.698670169433483323e+01
1.030999999999958061e-01	3.697746257542522130e+01
1.031999999999957951e-01	3.696833202713926170e+01
1.032999999999957841e-01	3.695855126542073776e+01
1.033999999999957869e-01	3.694939487589176252e+01
1.034999999999957898e-01	3.693879721986071019e+01
1.035999999999957788e-01	3.692782601793994246e+01
1.036999999999957678e-01	3.691744670035673437e+01
1.037999999999957706e-01	3.690736874831055303e+01
1.038999999999957735e-01	3.689660218103538369e+01
1.039999999999957625e-01	3.688486308310251616e+01
1.040999999999957515e-01	3.687205996769929328e+01
1.041999999999957544e-01	3.685989417003298740e+01
1.042999999999957572e-01	3.684798628183559543e+01
1.043999999999957462e-01	3.683637065554133727e+01
1.044999999999957352e-01	3.682454312218310832e+01
1.045999999999957381e-01	3.681216911526580304e+01
1.046999999999957409e-01	3.679945878787287228e+01
1.047999999999957299e-01	3.678805633057757518e+01
1.048999999999957189e-01	3.677774189491677959e+01
1.049999999999957218e-01	3.676746203900413690e+01
1.050999999999957246e-01	3.675735374996137494e+01
1.051999999999957136e-01	3.674573157743344609e+01
1.052999999999957026e-01	3.673310109399319856e+01
1.053999999999957055e-01	3.672057312787699601e+01
1.054999999999957083e-01	3.670838416413293714e+01
1.055999999999956973e-01	3.669622143827645289e+01
1.056999999999956863e-01	3.668477379385677040e+01
1.057999999999956892e-01	3.667208830248222284e+01
1.058999999999956920e-01	3.665928807540083056e+01
1.059999999999956810e-01	3.664649458275283678e+01
1.060999999999956700e-01	3.663560739389841103e+01
1.061999999999956729e-01	3.662715717428343254e+01
1.062999999999956757e-01	3.661963186198254050e+01
1.063999999999956647e-01	3.661095654908581309e+01
1.064999999999956537e-01	3.660004008549324084e+01
1.065999999999956566e-01	3.658631383056694375e+01
1.066999999999956594e-01	3.657100933721240921e+01
1.067999999999956484e-01	3.655692661893307616e+01
1.068999999999956374e-01	3.654269481715392232e+01
1.069999999999956403e-01	3.652786352385736279e+01
1.070999999999956431e-01	3.651071310394581815e+01
1.071999999999956321e-01	3.649075346433227196e+01
1.072999999999956211e-01	3.647207403918206836e+01
1.073999999999956240e-01	3.645722805328032479e+01
1.074999999999956268e-01	3.644344426655641200e+01
1.075999999999956158e-01	3.643126581465206471e+01
1.076999999999956048e-01	3.641980210768569037e+01
1.077999999999956077e-01	3.640854319919255744e+01
1.078999999999956105e-01	3.639572606202033000e+01
1.079999999999955995e-01	3.638299725866295375e+01
1.080999999999955885e-01	3.637119333416653433e+01
1.081999999999955914e-01	3.636113343744668924e+01
1.082999999999955942e-01	3.635103548031823095e+01
1.083999999999955832e-01	3.634024060109024390e+01
1.084999999999955722e-01	3.632968635851246830e+01
1.085999999999955751e-01	3.631722682743959751e+01
1.086999999999955779e-01	3.630320839306463654e+01
1.087999999999955669e-01	3.629171779774246431e+01
1.088999999999955559e-01	3.627998549825972674e+01
1.089999999999955588e-01	3.626996241230464335e+01
1.090999999999955616e-01	3.625855431842944654e+01
1.091999999999955506e-01	3.624634451793992440e+01
1.092999999999955396e-01	3.623514731271818334e+01
1.093999999999955425e-01	3.622372860741587175e+01
1.094999999999955453e-01	3.621323544077849022e+01
1.095999999999955343e-01	3.620335696272078962e+01
1.096999999999955233e-01	3.619351350181556626e+01
1.097999999999955262e-01	3.618362150508333741e+01
1.098999999999955290e-01	3.617265485270367975e+01
1.099999999999955180e-01	3.616286784970478152e+01
1.100999999999955070e-01	3.615389169544209835e+01
1.101999999999955099e-01	3.614478700621945961e+01
1.102999999999955127e-01	3.613760975510408002e+01
1.103999999999955017e-01	3.613002433711543659e+01
1.104999999999954907e-01	3.612042692657968246e+01
1.105999999999954936e-01	3.611036147294795740e+01
1.106999999999954964e-01	3.610299308752077252e+01
1.107999999999954854e-01	3.609655269551132761e+01
1.108999999999954744e-01	3.608998627721440755e+01
1.109999999999954773e-01	3.608281660270273505e+01
1.110999999999954801e-01	3.607751265179489053e+01
1.111999999999954691e-01	3.607328025922082304e+01
1.112999999999954581e-01	3.607011518878225331e+01
1.113999999999954610e-01	3.606641030749005239e+01
1.114999999999954639e-01	3.606246521220833756e+01
1.115999999999954528e-01	3.606050279925284485e+01
1.116999999999954418e-01	3.605901574328380832e+01
1.117999999999954447e-01	3.605718477226540841e+01
1.118999999999954476e-01	3.605576708939533148e+01
1.119999999999954365e-01	3.605493219043063391e+01
1.120999999999954255e-01	3.605619630262383879e+01
1.121999999999954284e-01	3.605717562555061306e+01
1.122999999999954313e-01	3.605863788457759256e+01
1.123999999999954202e-01	3.606079076162635033e+01
1.124999999999954092e-01	3.606152482469248355e+01
1.125999999999954121e-01	3.606406024467358407e+01
1.126999999999954150e-01	3.606791609832718137e+01
1.127999999999954039e-01	3.607240663308979833e+01
1.128999999999953929e-01	3.607576241537721984e+01
1.129999999999953958e-01	3.607872289636188157e+01
1.130999999999953987e-01	3.608297455822437882e+01
1.131999999999953876e-01	3.608790245212925640e+01
1.132999999999953766e-01	3.609229367840087832e+01
1.133999999999953795e-01	3.609654646664763078e+01
1.134999999999953824e-01	3.610157268625385285e+01
1.135999999999953713e-01	3.610717721696389049e+01
1.136999999999953603e-01	3.611324382112682230e+01
1.137999999999953632e-01	3.612066192989441760e+01
1.138999999999953661e-01	3.612908544653922860e+01
1.139999999999953550e-01	3.613722259562054973e+01
1.140999999999953440e-01	3.614496987476452716e+01
1.141999999999953469e-01	3.615287401551537982e+01
1.142999999999953498e-01	3.616323355386235505e+01
1.143999999999953388e-01	3.617417205834809835e+01
1.144999999999953277e-01	3.618527963479542109e+01
1.145999999999953306e-01	3.619547377189233828e+01
1.146999999999953335e-01	3.620545195569444985e+01
1.147999999999953225e-01	3.621518340834174410e+01
1.148999999999953114e-01	3.622621098939269757e+01
1.149999999999953143e-01	3.623757453720206456e+01
1.150999999999953172e-01	3.625063156958693611e+01
1.151999999999953062e-01	3.626295838826982276e+01
1.152999999999952951e-01	3.627375264256985332e+01
1.153999999999952980e-01	3.628461420632577727e+01
1.154999999999953009e-01	3.629661693861815053e+01
1.155999999999952899e-01	3.630873649071928355e+01
1.156999999999952788e-01	3.632090404921766691e+01
1.157999999999952817e-01	3.633330302672986534e+01
1.158999999999952846e-01	3.634538985149173129e+01
1.159999999999952736e-01	3.635763878686483253e+01
1.160999999999952625e-01	3.636849910550588305e+01
1.161999999999952654e-01	3.637950896303074444e+01
1.162999999999952683e-01	3.639174116920384705e+01
1.163999999999952573e-01	3.640598887421552377e+01
1.164999999999952462e-01	3.641921737396249625e+01
1.165999999999952491e-01	3.643096656523412236e+01
1.166999999999952520e-01	3.644029769978462241e+01
1.167999999999952410e-01	3.645016675288205477e+01
1.168999999999952299e-01	3.646124766538707718e+01
1.169999999999952328e-01	3.647190764147988773e+01
1.170999999999952357e-01	3.648362550798271542e+01
1.171999999999952247e-01	3.649548413462196095e+01
1.172999999999952137e-01	3.650542530640861827e+01
1.173999999999952165e-01	3.651581168539097888e+01
1.174999999999952194e-01	3.652677108999183986e+01
1.175999999999952084e-01	3.653926123120340463e+01
1.176999999999951974e-01	3.655108500474585043e+01
1.177999999999952002e-01	3.656145647027637580e+01
1.178999999999952031e-01	3.657000077308806141e+01
1.179999999999951921e-01	3.657897181550188748e+01
1.180999999999951811e-01	3.658816195273467287e+01
1.181999999999951839e-01	3.659901980418560186e+01
1.182999999999951868e-01	3.661066456256149593e+01
1.183999999999951758e-01	3.662279427197717041e+01
1.184999999999951648e-01	3.663559410285034090e+01
1.185999999999951676e-01	3.664626805604606830e+01
1.186999999999951705e-01	3.665670118634874086e+01
1.187999999999951595e-01	3.666625526282857095e+01
1.188999999999951485e-01	3.667593592267897407e+01
1.189999999999951513e-01	3.668601482245407652e+01
1.190999999999951542e-01	3.669519654923961127e+01
1.191999999999951432e-01	3.670450557488240406e+01
1.192999999999951322e-01	3.671323681049763366e+01
1.193999999999951350e-01	3.672099655044386424e+01
1.194999999999951379e-01	3.672818439158788806e+01
1.195999999999951269e-01	3.673608124184998758e+01
1.196999999999951159e-01	3.674250266580765611e+01
1.197999999999951187e-01	3.674899698305354434e+01
1.198999999999951216e-01	3.675608413820767595e+01
1.199999999999951106e-01	3.676271553411321946e+01
1.200999999999950996e-01	3.676844614016196999e+01
1.201999999999951024e-01	3.677419042545140115e+01
1.202999999999951053e-01	3.678049486826741088e+01
1.203999999999950943e-01	3.678795097140094583e+01
1.204999999999950833e-01	3.679514886191842749e+01
1.205999999999950861e-01	3.680233443660407033e+01
1.206999999999950890e-01	3.680914934228194824e+01
1.207999999999950780e-01	3.681687130337938640e+01
1.208999999999950670e-01	3.682491545936332500e+01
1.209999999999950698e-01	3.683272058195778698e+01
1.210999999999950727e-01	3.684002813495951045e+01
1.211999999999950617e-01	3.684790596894050907e+01
1.212999999999950507e-01	3.685578535747799123e+01
1.213999999999950535e-01	3.686402386977805890e+01
1.214999999999950564e-01	3.687183442478298190e+01
1.215999999999950454e-01	3.687981758078358041e+01
1.216999999999950344e-01	3.688870176396994793e+01
1.217999999999950372e-01	3.689746344558299285e+01
1.218999999999950401e-01	3.690711072577163776e+01
1.219999999999950291e-01	3.691738055355090609e+01
1.220999999999950181e-01	3.692595511697965804e+01
1.221999999999950209e-01	3.693452614287913605e+01
1.222999999999950238e-01	3.694357824936849255e+01
1.223999999999950128e-01	3.695412686576692352e+01
1.224999999999950018e-01	3.696546969719680931e+01
1.225999999999950046e-01	3.697867209134422239e+01
1.226999999999950075e-01	3.699081282252650027e+01
1.227999999999949965e-01	3.700128352570358459e+01
1.228999999999949855e-01	3.700993322718592538e+01
1.229999999999949883e-01	3.701867634183403766e+01
1.230999999999949912e-01	3.702923353722291466e+01
1.231999999999949802e-01	3.704187687880716595e+01
1.232999999999949692e-01	3.705287993018068704e+01
1.233999999999949720e-01	3.706172182071445320e+01
1.234999999999949749e-01	3.706982676623381678e+01
1.235999999999949639e-01	3.707980505639284274e+01
1.236999999999949529e-01	3.709261653170919715e+01
1.237999999999949557e-01	3.710712536422080632e+01
1.238999999999949586e-01	3.712135553178561764e+01
1.239999999999949476e-01	3.713417623499949372e+01
1.240999999999949366e-01	3.714491587301444042e+01
1.241999999999949394e-01	3.715312244224845273e+01
1.242999999999949423e-01	3.716367524763539620e+01
1.243999999999949313e-01	3.717640839677881104e+01
1.244999999999949203e-01	3.718939425545356414e+01
1.245999999999949231e-01	3.720275503987153343e+01
1.246999999999949260e-01	3.721634531564531301e+01
1.247999999999949150e-01	3.722829165846637522e+01
1.248999999999949040e-01	3.723960920150742027e+01
1.249999999999949069e-01	3.725222318977737501e+01
1.250999999999949097e-01	3.726600631097433336e+01
1.251999999999948987e-01	3.728036945568214122e+01
1.252999999999948877e-01	3.729409528898567316e+01
1.253999999999949044e-01	3.730505269726608475e+01
1.254999999999948934e-01	3.731551991927787526e+01
1.255999999999948824e-01	3.732811111385832703e+01
1.256999999999948714e-01	3.734013849560927412e+01
1.257999999999948604e-01	3.735351658037112799e+01
1.258999999999948771e-01	3.736545630061240786e+01
1.259999999999948661e-01	3.737722428160550692e+01
1.260999999999948551e-01	3.738758611485722128e+01
1.261999999999948718e-01	3.739571375274182685e+01
1.262999999999948608e-01	3.740495037652416244e+01
1.263999999999948498e-01	3.741593921441855741e+01
1.264999999999948388e-01	3.742877258637671645e+01
1.265999999999948278e-01	3.744112981844926225e+01
1.266999999999948445e-01	3.745202044690553578e+01
1.267999999999948335e-01	3.746230218115974964e+01
1.268999999999948225e-01	3.747203268602623893e+01
1.269999999999948392e-01	3.748077152452388816e+01
1.270999999999948282e-01	3.749052264107915988e+01
1.271999999999948172e-01	3.749931649745484918e+01
1.272999999999948062e-01	3.750801496990906259e+01
1.273999999999947952e-01	3.751458853741439015e+01
1.274999999999948119e-01	3.751905364840857970e+01
1.275999999999948009e-01	3.752371848253709175e+01
1.276999999999947899e-01	3.753010515360909949e+01
1.277999999999948066e-01	3.753535259701279614e+01
1.278999999999947956e-01	3.753971718256704548e+01
1.279999999999947846e-01	3.754422675010711430e+01
1.280999999999947736e-01	3.754976351245406363e+01
1.281999999999947626e-01	3.755401290749213672e+01
1.282999999999947793e-01	3.755644290730811719e+01
1.283999999999947683e-01	3.755696759766757964e+01
1.284999999999947573e-01	3.755853016003523948e+01
1.285999999999947740e-01	3.756109560656570778e+01
1.286999999999947630e-01	3.756419630336708337e+01
1.287999999999947520e-01	3.756749867415270216e+01
1.288999999999947410e-01	3.757009356296014602e+01
1.289999999999947300e-01	3.757075254881123527e+01
1.290999999999947467e-01	3.757099997334635333e+01
1.291999999999947357e-01	3.757044021414371571e+01
1.292999999999947247e-01	3.756892975995700112e+01
1.293999999999947415e-01	3.756750548159808289e+01
1.294999999999947304e-01	3.756622868532086557e+01
1.295999999999947194e-01	3.756335852712081902e+01
1.296999999999947084e-01	3.756024243138071483e+01
1.297999999999946974e-01	3.755721275565304040e+01
1.298999999999947141e-01	3.755361174460812634e+01
1.299999999999947031e-01	3.755020016723999987e+01
1.300999999999946921e-01	3.754734969124813659e+01
1.301999999999947089e-01	3.754334966547181551e+01
1.302999999999946978e-01	3.753887159275902974e+01
1.303999999999946868e-01	3.753460149807666113e+01
1.304999999999946758e-01	3.753129211550006517e+01
1.305999999999946648e-01	3.752708857143813503e+01
1.306999999999946815e-01	3.752200030289731814e+01
1.307999999999946705e-01	3.751686677706361195e+01
1.308999999999946595e-01	3.751144673317168809e+01
1.309999999999946763e-01	3.750451678044828441e+01
1.310999999999946652e-01	3.749772246956075605e+01
1.311999999999946542e-01	3.749188314517691367e+01
1.312999999999946432e-01	3.748785936223816151e+01
1.313999999999946322e-01	3.748468078569540296e+01
1.314999999999946489e-01	3.748064384230762158e+01
1.315999999999946379e-01	3.747479366949619362e+01
1.316999999999946269e-01	3.746640539874797327e+01
1.317999999999946437e-01	3.745806110283950829e+01
1.318999999999946326e-01	3.745160624318974385e+01
1.319999999999946216e-01	3.744625658600701712e+01
1.320999999999946106e-01	3.744192187228374991e+01
1.321999999999945996e-01	3.743555742110464735e+01
1.322999999999946164e-01	3.742718945312895329e+01
1.323999999999946053e-01	3.741884892160350518e+01
1.324999999999945943e-01	3.741104161734308775e+01
1.325999999999946111e-01	3.740394030045374052e+01
1.326999999999946001e-01	3.739690120677585128e+01
1.327999999999945890e-01	3.738975338226278922e+01
1.328999999999945780e-01	3.738225039895175428e+01
1.329999999999945670e-01	3.737530031427451860e+01
1.330999999999945838e-01	3.736985774718306885e+01
1.331999999999945727e-01	3.736566073271018951e+01
1.332999999999945617e-01	3.736263822149372515e+01
1.333999999999945785e-01	3.735946377419503506e+01
1.334999999999945675e-01	3.735354816306516312e+01
1.335999999999945564e-01	3.734636231790253902e+01
1.336999999999945454e-01	3.733990563644897520e+01
1.337999999999945344e-01	3.733503376630910253e+01
1.338999999999945512e-01	3.733192373454423318e+01
1.339999999999945401e-01	3.732845724525692788e+01
1.340999999999945291e-01	3.732486608915250770e+01
1.341999999999945459e-01	3.732143466668131282e+01
1.342999999999945349e-01	3.731542554536655132e+01
1.343999999999945238e-01	3.731022479378334111e+01
1.344999999999945128e-01	3.730667650812871727e+01
1.345999999999945018e-01	3.730483026676289171e+01
1.346999999999945186e-01	3.730147625301059833e+01
1.347999999999945075e-01	3.729878594541232673e+01
1.348999999999944965e-01	3.729586602026292042e+01
1.349999999999945133e-01	3.729222774218510494e+01
1.350999999999945023e-01	3.728965264885666642e+01
1.351999999999944913e-01	3.728807799665300848e+01
1.352999999999944802e-01	3.728770768120999435e+01
1.353999999999944692e-01	3.728680120851824853e+01
1.354999999999944860e-01	3.728495967049299509e+01
1.355999999999944750e-01	3.728267474349603106e+01
1.356999999999944639e-01	3.728018968866779659e+01
1.357999999999944807e-01	3.727818168842753721e+01
1.358999999999944697e-01	3.727806069986576176e+01
1.359999999999944587e-01	3.727786866174684377e+01
1.360999999999944476e-01	3.727816070142825566e+01
1.361999999999944366e-01	3.727775749533140726e+01
1.362999999999944534e-01	3.727763111934109475e+01
1.363999999999944424e-01	3.727813036582971051e+01
1.364999999999944313e-01	3.727865348375095067e+01
1.365999999999944481e-01	3.727886327939676647e+01
1.366999999999944371e-01	3.727875431353977831e+01
1.367999999999944261e-01	3.727937835831117042e+01
1.368999999999944150e-01	3.727942362632042972e+01
1.369999999999944040e-01	3.727955090005058025e+01
1.370999999999944208e-01	3.727960447006332600e+01
1.371999999999944098e-01	3.727822300508994857e+01
1.372999999999943987e-01	3.727726588473898772e+01
1.373999999999944155e-01	3.727807930306081374e+01
1.374999999999944045e-01	3.727871610035409589e+01
1.375999999999943935e-01	3.727902419272103884e+01
1.376999999999943824e-01	3.727901538722880304e+01
1.377999999999943714e-01	3.727878649182672888e+01
1.378999999999943882e-01	3.727853057934387238e+01
1.379999999999943772e-01	3.727857847787157652e+01
1.380999999999943662e-01	3.727859687670910205e+01
1.381999999999943829e-01	3.727803910501923923e+01
1.382999999999943719e-01	3.727795384687426150e+01
1.383999999999943609e-01	3.727697779507133191e+01
1.384999999999943499e-01	3.727554819761224536e+01
1.385999999999943388e-01	3.727495889315578381e+01
1.386999999999943556e-01	3.727450379195660446e+01
1.387999999999943446e-01	3.727296317192089958e+01
1.388999999999943336e-01	3.727190244440997446e+01
1.389999999999943503e-01	3.727087226663606856e+01
1.390999999999943393e-01	3.726741433374104417e+01
1.391999999999943283e-01	3.726522067047130093e+01
1.392999999999943173e-01	3.726252003548972880e+01
1.393999999999943062e-01	3.726087209909547937e+01
1.394999999999943230e-01	3.725940020022424903e+01
1.395999999999943120e-01	3.725674445172863614e+01
1.396999999999943010e-01	3.725252512337346644e+01
1.397999999999943177e-01	3.724745983493775014e+01
1.398999999999943067e-01	3.724389092115044519e+01
1.399999999999942957e-01	3.724017938225599522e+01
1.400999999999942847e-01	3.723673095878298511e+01
1.401999999999942736e-01	3.723401062170650277e+01
1.402999999999942904e-01	3.722902141733614201e+01
1.403999999999942794e-01	3.722219619469890972e+01
1.404999999999942684e-01	3.721603401188065874e+01
1.405999999999942851e-01	3.721233459101347307e+01
1.406999999999942741e-01	3.720844931716923298e+01
1.407999999999942631e-01	3.720370668808606496e+01
1.408999999999942521e-01	3.719687480260474644e+01
1.409999999999942411e-01	3.718987313340011269e+01
1.410999999999942578e-01	3.718313609810931553e+01
1.411999999999942468e-01	3.717727856981064605e+01
1.412999999999942358e-01	3.717297315894030163e+01
1.413999999999942525e-01	3.716849978879837835e+01
1.414999999999942415e-01	3.716330509453904796e+01
1.415999999999942305e-01	3.715689843212142307e+01
1.416999999999942195e-01	3.714959976555166321e+01
1.417999999999942085e-01	3.714273119306176341e+01
1.418999999999942252e-01	3.713813214364040505e+01
1.419999999999942142e-01	3.713356515538819025e+01
1.420999999999942032e-01	3.712992387819399909e+01
1.421999999999942199e-01	3.712298639598436267e+01
1.422999999999942089e-01	3.711423645198087229e+01
1.423999999999941979e-01	3.710588980484281763e+01
1.424999999999941869e-01	3.709817209424960538e+01
1.425999999999941759e-01	3.709272417398751998e+01
1.426999999999941926e-01	3.708687179981411219e+01
1.427999999999941816e-01	3.708126431539864853e+01
1.428999999999941706e-01	3.707424891286420632e+01
1.429999999999941873e-01	3.706738382316031988e+01
1.430999999999941763e-01	3.706021293441645525e+01
1.431999999999941653e-01	3.705328580847653086e+01
1.432999999999941543e-01	3.704745948339266448e+01
1.433999999999941433e-01	3.704209071724255864e+01
1.434999999999941600e-01	3.703526806037923080e+01
1.435999999999941490e-01	3.702912698241519251e+01
1.436999999999941380e-01	3.702293758763190823e+01
1.437999999999941547e-01	3.701703349010457345e+01
1.438999999999941437e-01	3.701230350477769093e+01
1.439999999999941327e-01	3.700889442843038069e+01
1.440999999999941217e-01	3.700708616837903264e+01
1.441999999999941107e-01	3.700425590316836377e+01
1.442999999999941274e-01	3.700051504154451720e+01
1.443999999999941164e-01	3.699601773565015606e+01
1.444999999999941054e-01	3.699313593494243690e+01
1.445999999999941221e-01	3.699019801747366643e+01
1.446999999999941111e-01	3.698591310468517435e+01
1.447999999999941001e-01	3.698225500156031842e+01
1.448999999999940891e-01	3.697839530836765221e+01
1.449999999999940781e-01	3.697489889680908703e+01
1.450999999999940948e-01	3.697243966116220548e+01
1.451999999999940838e-01	3.696884163919175137e+01
1.452999999999940728e-01	3.696467409931835135e+01
1.453999999999940895e-01	3.696302335348486423e+01
1.454999999999940785e-01	3.696215418644971606e+01
1.455999999999940675e-01	3.696252312821381736e+01
1.456999999999940565e-01	3.696388674081087800e+01
1.457999999999940455e-01	3.696548593095022284e+01
1.458999999999940622e-01	3.696660931316489496e+01
1.459999999999940512e-01	3.696736507745357869e+01
1.460999999999940402e-01	3.696717808776644176e+01
1.461999999999940569e-01	3.696751178832409579e+01
1.462999999999940459e-01	3.696717081761367751e+01
1.463999999999940349e-01	3.696646140465922059e+01
1.464999999999940239e-01	3.696743191226224923e+01
1.465999999999940129e-01	3.696919990837928083e+01
1.466999999999940296e-01	3.697116352262762007e+01
1.467999999999940186e-01	3.697218900680567799e+01
1.468999999999940076e-01	3.697503643516692051e+01
1.469999999999940243e-01	3.697953492178437074e+01
1.470999999999940133e-01	3.698445438540377950e+01
1.471999999999940023e-01	3.698777008731609328e+01
1.472999999999939913e-01	3.699161676638495067e+01
1.473999999999939803e-01	3.699654398765553509e+01
1.474999999999939970e-01	3.700251289059301740e+01
1.475999999999939860e-01	3.700831775361255893e+01
1.476999999999939750e-01	3.701354007466377283e+01
1.477999999999939917e-01	3.701847226642130551e+01
1.478999999999939807e-01	3.702287292079033421e+01
1.479999999999939697e-01	3.702699429632546924e+01
1.480999999999939587e-01	3.703210655389569439e+01
1.481999999999939477e-01	3.703734080081608226e+01
1.482999999999939644e-01	3.704331713967152950e+01
1.483999999999939534e-01	3.704877708417790672e+01
1.484999999999939424e-01	3.705305069828359166e+01
1.485999999999939591e-01	3.705567277216149336e+01
1.486999999999939481e-01	3.705908862977448592e+01
1.487999999999939371e-01	3.706427002225985490e+01
1.488999999999939261e-01	3.707033405524546765e+01
1.489999999999939151e-01	3.707652631562158518e+01
1.490999999999939318e-01	3.708131791327318183e+01
1.491999999999939208e-01	3.708593632052549793e+01
1.492999999999939098e-01	3.709132157124475526e+01
1.493999999999939265e-01	3.709763406021148313e+01
1.494999999999939155e-01	3.710376711119734949e+01
1.495999999999939045e-01	3.710963760170113801e+01
1.496999999999938935e-01	3.711264068110713055e+01
1.497999999999938825e-01	3.711461947447904919e+01
1.498999999999938992e-01	3.711631333350170792e+01
1.499999999999938882e-01	3.711878473033038262e+01
1.500999999999938772e-01	3.712366799892262037e+01
1.501999999999938940e-01	3.712737185563014464e+01
1.502999999999938829e-01	3.712904723337523905e+01
1.503999999999938719e-01	3.713059197011248358e+01
1.504999999999938609e-01	3.713352031604770076e+01
1.505999999999938499e-01	3.713739934023084288e+01
1.506999999999938666e-01	3.714171890456604785e+01
1.507999999999938556e-01	3.714775255627743178e+01
1.508999999999938446e-01	3.715380176868962536e+01
1.509999999999938614e-01	3.715916114050192931e+01
1.510999999999938503e-01	3.716158014295766776e+01
1.511999999999938393e-01	3.716281438567235540e+01
1.512999999999938283e-01	3.716530261340396635e+01
1.513999999999938173e-01	3.716788225414099855e+01
1.514999999999938340e-01	3.717101153196172447e+01
1.515999999999938230e-01	3.717325158185806799e+01
1.516999999999938120e-01	3.717459241881216059e+01
1.517999999999938288e-01	3.717664460450166075e+01
1.518999999999938177e-01	3.717858028813940763e+01
1.519999999999938067e-01	3.717994187387717631e+01
1.520999999999937957e-01	3.718100299948946486e+01
1.521999999999937847e-01	3.718245983255766163e+01
1.522999999999938014e-01	3.718205692710098731e+01
1.523999999999937904e-01	3.718256433300886954e+01
1.524999999999937794e-01	3.718269654244897282e+01
1.525999999999937962e-01	3.718388521424681414e+01
1.526999999999937851e-01	3.718489621000455259e+01
1.527999999999937741e-01	3.718603210631345490e+01
1.528999999999937631e-01	3.718701146137973268e+01
1.529999999999937521e-01	3.718953702934711458e+01
1.530999999999937689e-01	3.719142453029086681e+01
1.531999999999937578e-01	3.719114800939979659e+01
1.532999999999937468e-01	3.719096471840761353e+01
1.533999999999937636e-01	3.719078837932188009e+01
1.534999999999937526e-01	3.719085010953691040e+01
1.535999999999937415e-01	3.719066172892687661e+01
1.536999999999937305e-01	3.719082955601045626e+01
1.537999999999937195e-01	3.719024828145364125e+01
1.538999999999937363e-01	3.719103053659449643e+01
