0.000000000000000000e+00	1.450433206065942837e+00
9.999999999999592548e-05	1.451081207359911751e+00
1.999999999999918510e-04	1.453590274462889687e+00
2.999999999999877764e-04	1.456044269475180508e+00
3.999999999999837019e-04	1.458464094905509212e+00
4.999999999999796274e-04	1.458938806035156466e+00
5.999999999999755529e-04	1.457059593012865140e+00
6.999999999999714784e-04	1.455947550797660472e+00
7.999999999999674039e-04	1.455274085377587623e+00
8.999999999999633293e-04	1.455209689663879313e+00
9.999999999999592548e-04	1.454639553894511828e+00
1.099999999999955180e-03	1.454535849991430263e+00
1.199999999999951106e-03	1.454716855068414194e+00
1.299999999999947031e-03	1.457118056006304174e+00
1.399999999999942957e-03	1.458191933772290394e+00
1.499999999999938882e-03	1.457496362562773262e+00
1.599999999999934808e-03	1.453730041595902245e+00
1.699999999999930733e-03	1.450879470685015216e+00
1.799999999999926659e-03	1.449370254127401614e+00
1.899999999999922584e-03	1.449175866564761828e+00
1.999999999999918510e-03	1.446953171405677363e+00
2.099999999999914435e-03	1.446417010382385904e+00
2.199999999999910361e-03	1.446794243781885037e+00
2.299999999999906286e-03	1.446927178238260225e+00
2.399999999999902212e-03	1.449921900346664350e+00
2.499999999999898137e-03	1.453055543165900909e+00
2.599999999999894063e-03	1.453668698606387366e+00
2.699999999999889988e-03	1.453966813798767799e+00
2.799999999999885913e-03	1.453431361719429216e+00
2.899999999999881839e-03	1.454041050692786552e+00
2.999999999999877764e-03	1.453087638705470530e+00
3.099999999999873690e-03	1.452144203735616923e+00
3.199999999999869615e-03	1.452290777087164253e+00
3.299999999999865541e-03	1.453715847872413258e+00
3.399999999999861466e-03	1.455058195093814177e+00
3.499999999999857392e-03	1.453984540673503911e+00
3.599999999999853317e-03	1.452990619591447263e+00
3.699999999999849243e-03	1.453018302777744575e+00
3.799999999999845168e-03	1.454868242248629429e+00
3.899999999999841094e-03	1.455135150498418684e+00
3.999999999999837019e-03	1.456154453796188131e+00
4.099999999999832945e-03	1.456691474167252975e+00
4.199999999999828870e-03	1.455211725930628086e+00
4.299999999999824796e-03	1.452588384056555437e+00
4.399999999999820721e-03	1.450763269678951639e+00
4.499999999999816647e-03	1.452435577989274140e+00
4.599999999999812572e-03	1.455022326103202923e+00
4.699999999999808498e-03	1.455322340578947937e+00
4.799999999999804423e-03	1.452768296978034446e+00
4.899999999999800349e-03	1.449303985780385329e+00
4.999999999999796274e-03	1.448791917745768654e+00
5.099999999999792200e-03	1.449945555824037502e+00
5.199999999999788125e-03	1.453189530745746083e+00
5.299999999999784051e-03	1.455763725302340994e+00
5.399999999999779976e-03	1.455064016641276714e+00
5.499999999999775901e-03	1.453606581185701074e+00
5.599999999999771827e-03	1.450490796711296326e+00
5.699999999999767752e-03	1.449923863973903382e+00
5.799999999999763678e-03	1.451656627175307968e+00
5.899999999999759603e-03	1.452852479641769445e+00
5.999999999999755529e-03	1.453468400575992137e+00
6.099999999999751454e-03	1.453580716919496307e+00
6.199999999999747380e-03	1.453576741557788932e+00
6.299999999999743305e-03	1.453068340836233929e+00
6.399999999999739231e-03	1.453856186658913252e+00
6.499999999999735156e-03	1.455383103867598171e+00
6.599999999999731082e-03	1.458745476397803609e+00
6.699999999999727007e-03	1.461041345105321021e+00
6.799999999999722933e-03	1.461900129637179413e+00
6.899999999999718858e-03	1.460495558921263815e+00
6.999999999999714784e-03	1.459071536028247795e+00
7.099999999999710709e-03	1.456763738097116789e+00
7.199999999999706635e-03	1.455564134556323941e+00
7.299999999999702560e-03	1.453954253395605356e+00
7.399999999999698486e-03	1.453565909125814848e+00
7.499999999999694411e-03	1.452595813862251006e+00
7.599999999999690337e-03	1.452217253059371549e+00
7.699999999999686262e-03	1.449727711849537526e+00
7.799999999999682188e-03	1.447561253843602680e+00
7.899999999999678113e-03	1.446457045654849560e+00
7.999999999999674039e-03	1.447480708919052894e+00
8.099999999999669964e-03	1.449343403295675792e+00
8.199999999999665889e-03	1.450872780484923963e+00
8.299999999999661815e-03	1.451369110841263188e+00
8.399999999999657740e-03	1.450335353726898813e+00
8.499999999999653666e-03	1.449964203248550687e+00
8.599999999999649591e-03	1.451161628925407232e+00
8.699999999999645517e-03	1.450971098248715174e+00
8.799999999999641442e-03	1.450851014735486944e+00
8.899999999999637368e-03	1.450907003942376816e+00
8.999999999999633293e-03	1.453056667414890146e+00
9.099999999999629219e-03	1.456240356512114920e+00
9.199999999999625144e-03	1.458287857644102292e+00
9.299999999999621070e-03	1.460126765414346606e+00
9.399999999999616995e-03	1.462647899601266399e+00
9.499999999999612921e-03	1.465097430999063199e+00
9.599999999999608846e-03	1.464030134322205745e+00
9.699999999999604772e-03	1.463471511433672045e+00
9.799999999999600697e-03	1.461503181993766498e+00
9.899999999999596623e-03	1.460249844972060451e+00
9.999999999999592548e-03	1.457757406132186739e+00
1.009999999999958847e-02	1.455947243601781516e+00
1.019999999999958440e-02	1.456001603863160687e+00
1.029999999999958032e-02	1.456970425501172395e+00
1.039999999999957625e-02	1.458780851152437164e+00
1.049999999999957218e-02	1.460416475794375613e+00
1.059999999999956810e-02	1.461442661280880406e+00
1.069999999999956403e-02	1.463119013277176528e+00
1.079999999999955995e-02	1.465167869911663923e+00
1.089999999999955588e-02	1.466701818544970282e+00
1.099999999999955180e-02	1.468308988822813799e+00
1.109999999999954773e-02	1.467640879580975666e+00
1.119999999999954365e-02	1.465265094936073709e+00
1.129999999999953958e-02	1.464511741786070687e+00
1.139999999999953550e-02	1.464272026390252668e+00
1.149999999999953143e-02	1.464993120061109488e+00
1.159999999999952736e-02	1.465897428686107951e+00
1.169999999999952328e-02	1.468596402746575214e+00
1.179999999999951921e-02	1.470849276630363800e+00
1.189999999999951513e-02	1.473354589094401756e+00
1.199999999999951106e-02	1.477741909980692325e+00
1.209999999999950698e-02	1.484143853022291459e+00
1.219999999999950291e-02	1.489042926056087568e+00
1.229999999999949883e-02	1.492375115906768190e+00
1.239999999999949476e-02	1.494492657701328886e+00
1.249999999999949069e-02	1.496217749817788212e+00
1.259999999999948661e-02	1.497477790282551346e+00
1.269999999999948254e-02	1.500687336385324810e+00
1.279999999999947846e-02	1.503846216682223513e+00
1.289999999999947439e-02	1.508782005883434696e+00
1.299999999999947031e-02	1.513698633447563946e+00
1.309999999999946624e-02	1.517917922587354695e+00
1.319999999999946216e-02	1.522540714738529255e+00
1.329999999999945809e-02	1.525452163167328790e+00
1.339999999999945401e-02	1.530073741729968795e+00
1.349999999999944994e-02	1.537432236673387687e+00
1.359999999999944587e-02	1.544971388010007329e+00
1.369999999999944179e-02	1.550333606136439002e+00
1.379999999999943772e-02	1.552794493708459900e+00
1.389999999999943364e-02	1.555243826128217544e+00
1.399999999999942957e-02	1.559910703875626137e+00
1.409999999999942549e-02	1.567560902721222282e+00
1.419999999999942142e-02	1.576759884714154403e+00
1.429999999999941734e-02	1.586664132234018032e+00
1.439999999999941327e-02	1.595164913257410833e+00
1.449999999999940919e-02	1.599658483224602579e+00
1.459999999999940512e-02	1.604481710185837962e+00
1.469999999999940105e-02	1.608971810661202317e+00
1.479999999999939697e-02	1.613879841160130058e+00
1.489999999999939290e-02	1.619788053281178808e+00
1.499999999999938882e-02	1.626117059339146298e+00
1.509999999999938475e-02	1.630038813669285158e+00
1.519999999999938067e-02	1.632607352397262179e+00
1.529999999999937660e-02	1.636039926819035539e+00
1.539999999999937252e-02	1.640004906739513935e+00
1.549999999999936845e-02	1.646733715712504376e+00
1.559999999999936438e-02	1.653372266636681909e+00
1.569999999999936030e-02	1.659653424294445845e+00
1.579999999999935623e-02	1.666691299073739474e+00
1.589999999999935215e-02	1.673531879133132394e+00
1.599999999999934808e-02	1.680057563457293845e+00
1.609999999999934400e-02	1.689122352906831770e+00
1.619999999999933993e-02	1.696612421669237092e+00
1.629999999999933585e-02	1.705597349370839622e+00
1.639999999999933178e-02	1.714338298363334623e+00
1.649999999999932770e-02	1.722898869368254759e+00
1.659999999999932363e-02	1.732487978759588154e+00
1.669999999999931956e-02	1.738801200266009594e+00
1.679999999999931548e-02	1.747582934782350383e+00
1.689999999999931141e-02	1.756624437931863847e+00
1.699999999999930733e-02	1.766511535842543168e+00
1.709999999999930326e-02	1.777031210305729747e+00
1.719999999999929918e-02	1.785128403320305868e+00
1.729999999999929511e-02	1.792832617029910480e+00
1.739999999999929103e-02	1.800327380062240135e+00
1.749999999999928696e-02	1.809160256602042605e+00
1.759999999999928288e-02	1.817923993394518378e+00
1.769999999999927881e-02	1.827273226268559148e+00
1.779999999999927474e-02	1.837444435756998562e+00
1.789999999999927066e-02	1.847551506010078892e+00
1.799999999999926659e-02	1.859456782863810442e+00
1.809999999999926251e-02	1.870094542490918332e+00
1.819999999999925844e-02	1.880287837657420802e+00
1.829999999999925436e-02	1.892121416560548885e+00
1.839999999999925029e-02	1.903962889333830066e+00
1.849999999999924621e-02	1.915039719009629993e+00
1.859999999999924214e-02	1.927069544453951622e+00
1.869999999999923807e-02	1.938116623967157004e+00
1.879999999999923399e-02	1.950683221539456946e+00
1.889999999999922992e-02	1.962836083168189472e+00
1.899999999999922584e-02	1.975462481111991853e+00
1.909999999999922177e-02	1.988058614615148656e+00
1.919999999999921769e-02	2.001029130684875312e+00
1.929999999999921362e-02	2.015236177227300196e+00
1.939999999999920954e-02	2.026747028850404142e+00
1.949999999999920547e-02	2.038816915746563652e+00
1.959999999999920139e-02	2.052600410116403484e+00
1.969999999999919732e-02	2.068592079840766207e+00
1.979999999999919325e-02	2.086279399765325948e+00
1.989999999999918917e-02	2.102881055600936300e+00
1.999999999999918510e-02	2.117130997672841186e+00
2.009999999999918102e-02	2.132569026843555537e+00
2.019999999999917695e-02	2.147740543107933942e+00
2.029999999999917287e-02	2.162579859464473842e+00
2.039999999999916880e-02	2.178874293805591389e+00
2.049999999999916472e-02	2.196482192613423923e+00
2.059999999999916065e-02	2.214039786195900916e+00
2.069999999999915657e-02	2.231228717647260051e+00
2.079999999999915250e-02	2.249070634749352759e+00
2.089999999999914843e-02	2.267760382003259689e+00
2.099999999999914435e-02	2.287293625808292319e+00
2.109999999999914028e-02	2.306428113146692382e+00
2.119999999999913620e-02	2.325127464377735986e+00
2.129999999999913213e-02	2.342062781849914899e+00
2.139999999999912805e-02	2.357576112759383058e+00
2.149999999999912398e-02	2.374776934685001173e+00
2.159999999999911990e-02	2.392660987929413619e+00
2.169999999999911583e-02	2.411696856975685588e+00
2.179999999999911175e-02	2.436430533338528992e+00
2.189999999999910768e-02	2.461948671939335753e+00
2.199999999999910361e-02	2.485088318645811256e+00
2.209999999999909953e-02	2.506473699267737665e+00
2.219999999999909546e-02	2.527494078040352310e+00
2.229999999999909138e-02	2.549915709109564332e+00
2.239999999999908731e-02	2.575929298143396107e+00
2.249999999999908323e-02	2.603465158334941965e+00
2.259999999999907916e-02	2.628727283242505930e+00
2.269999999999907508e-02	2.655095884943917461e+00
2.279999999999907101e-02	2.681550179258569866e+00
2.289999999999906694e-02	2.709951427020935277e+00
2.299999999999906286e-02	2.741225860026569539e+00
2.309999999999905879e-02	2.772911239949531925e+00
2.319999999999905471e-02	2.802939113629348888e+00
2.329999999999905064e-02	2.834543385297205287e+00
2.339999999999904656e-02	2.862311242737692663e+00
2.349999999999904249e-02	2.890978958732719484e+00
2.359999999999903841e-02	2.917203880030009966e+00
2.369999999999903434e-02	2.945986813814724936e+00
2.379999999999903026e-02	2.980276669125141886e+00
2.389999999999902619e-02	3.013833297835836422e+00
2.399999999999902212e-02	3.050766472855487521e+00
2.409999999999901804e-02	3.086628248685588272e+00
2.419999999999901397e-02	3.122154880976780067e+00
2.429999999999900989e-02	3.158484539684097037e+00
2.439999999999900582e-02	3.197820747766936478e+00
2.449999999999900174e-02	3.234721212097095400e+00
2.459999999999899767e-02	3.273068953319523189e+00
2.469999999999899359e-02	3.313728757025027338e+00
2.479999999999898952e-02	3.355818779757786086e+00
2.489999999999898544e-02	3.398424175415352355e+00
2.499999999999898137e-02	3.441349438320102205e+00
2.509999999999897730e-02	3.485393050742286114e+00
2.519999999999897322e-02	3.531995155721912916e+00
2.529999999999896915e-02	3.580577828553899167e+00
2.539999999999896507e-02	3.628066575474149680e+00
2.549999999999896100e-02	3.679077726408086946e+00
2.559999999999895692e-02	3.729257732913628054e+00
2.569999999999895285e-02	3.780051963833082951e+00
2.579999999999894877e-02	3.832468492470097132e+00
2.589999999999894470e-02	3.884601645057281338e+00
2.599999999999894063e-02	3.936951759921870853e+00
2.609999999999893655e-02	3.988171208065844020e+00
2.619999999999893248e-02	4.041018546826419922e+00
2.629999999999892840e-02	4.092563032547999136e+00
2.639999999999892433e-02	4.148193079024551366e+00
2.649999999999892025e-02	4.206632407509639293e+00
2.659999999999891618e-02	4.269947516580301361e+00
2.669999999999891210e-02	4.334841830971420507e+00
2.679999999999890803e-02	4.402501759148924165e+00
2.689999999999890395e-02	4.472007806251418138e+00
2.699999999999889988e-02	4.544766022714496145e+00
2.709999999999889581e-02	4.617957566555709548e+00
2.719999999999889173e-02	4.691716299259904410e+00
2.729999999999888766e-02	4.764834038881846645e+00
2.739999999999888358e-02	4.843291089978754904e+00
2.749999999999887951e-02	4.926073433229928966e+00
2.759999999999887543e-02	5.012459104076088856e+00
2.769999999999887136e-02	5.099101984394141418e+00
2.779999999999886728e-02	5.188783739026492370e+00
2.789999999999886321e-02	5.281669115460848829e+00
2.799999999999885913e-02	5.376121402506019109e+00
2.809999999999885506e-02	5.474706124568135657e+00
2.819999999999885099e-02	5.580572898312063046e+00
2.829999999999884691e-02	5.690833787100931573e+00
2.839999999999884284e-02	5.803398298552115975e+00
2.849999999999883876e-02	5.917135981371421494e+00
2.859999999999883469e-02	6.034536066622456119e+00
2.869999999999883061e-02	6.157829407220400952e+00
2.879999999999882654e-02	6.284620539819158580e+00
2.889999999999882246e-02	6.415083399105030892e+00
2.899999999999881839e-02	6.546574995141637210e+00
2.909999999999881432e-02	6.684755617204037215e+00
2.919999999999881024e-02	6.830906942828702810e+00
2.929999999999880617e-02	6.983262823713905831e+00
2.939999999999880209e-02	7.137104940811086706e+00
2.949999999999879802e-02	7.295936517914371144e+00
2.959999999999879394e-02	7.461497228146075855e+00
2.969999999999878987e-02	7.633283568492281290e+00
2.979999999999878579e-02	7.814641700412903624e+00
2.989999999999878172e-02	8.003047951859652898e+00
2.999999999999877764e-02	8.197709374262332815e+00
3.009999999999877357e-02	8.399596207341799570e+00
3.019999999999876950e-02	8.610192000978811322e+00
3.029999999999876542e-02	8.831705292777721539e+00
3.039999999999876135e-02	9.064135779031705198e+00
3.049999999999875727e-02	9.308809837162234757e+00
3.059999999999875320e-02	9.564353413167683726e+00
3.069999999999874912e-02	9.833949227181161490e+00
3.079999999999874505e-02	1.011708518869276752e+01
3.089999999999874097e-02	1.041234462348073819e+01
3.099999999999873690e-02	1.072046593885181132e+01
3.109999999999873282e-02	1.104178218117108479e+01
3.119999999999872875e-02	1.137882161711820572e+01
3.129999999999872468e-02	1.173281723045593594e+01
3.139999999999872060e-02	1.210279111902178073e+01
3.149999999999871653e-02	1.248980908334478990e+01
3.159999999999871245e-02	1.289678719475082325e+01
3.169999999999870838e-02	1.332323448419537115e+01
3.179999999999870430e-02	1.377055063616254316e+01
3.189999999999870023e-02	1.423861896340626387e+01
3.199999999999869615e-02	1.472694162418966712e+01
3.209999999999869208e-02	1.523629670997362773e+01
3.219999999999868801e-02	1.576367217280711941e+01
3.229999999999868393e-02	1.630089942554274884e+01
3.239999999999867986e-02	1.685612082022355196e+01
3.249999999999867578e-02	1.742054717637575223e+01
3.259999999999867171e-02	1.799824063900821614e+01
3.269999999999866763e-02	1.859351057037532939e+01
3.279999999999866356e-02	1.920038426625221462e+01
3.289999999999865948e-02	1.980935076762597546e+01
3.299999999999865541e-02	2.044869697424211097e+01
3.309999999999865133e-02	2.106950067827301254e+01
3.319999999999864726e-02	2.171148823807861916e+01
3.329999999999864319e-02	2.233891553555708498e+01
3.339999999999863911e-02	2.296170324816425534e+01
3.349999999999863504e-02	2.360386230881128711e+01
3.359999999999863096e-02	2.420184317947976282e+01
3.369999999999862689e-02	2.479145976949267904e+01
3.379999999999862281e-02	2.537317729975019986e+01
3.389999999999861874e-02	2.592389462947860324e+01
3.399999999999861466e-02	2.644665406661416540e+01
3.409999999999861059e-02	2.694186920188028722e+01
3.419999999999860651e-02	2.740044547843423928e+01
3.429999999999860244e-02	2.784038550298344461e+01
3.439999999999859837e-02	2.821296121440314408e+01
3.449999999999859429e-02	2.852388374494307399e+01
3.459999999999859022e-02	2.882025084491781897e+01
3.469999999999858614e-02	2.906820588486509749e+01
3.479999999999858207e-02	2.926000738654337141e+01
3.489999999999857799e-02	2.939828704071364740e+01
3.499999999999857392e-02	2.951113670319671556e+01
3.509999999999856984e-02	2.961277223240124457e+01
3.519999999999856577e-02	2.970256435946449258e+01
3.529999999999856169e-02	2.977744510027187985e+01
3.539999999999855762e-02	2.984091516515298537e+01
3.549999999999855355e-02	2.989259484563560676e+01
3.559999999999854947e-02	2.993011509976041751e+01
3.569999999999854540e-02	2.997234776639420417e+01
3.579999999999854132e-02	3.000128605053132347e+01
3.589999999999853725e-02	3.001115574647370821e+01
3.599999999999853317e-02	3.001162259011950084e+01
3.609999999999852910e-02	3.001959520156784222e+01
3.619999999999852502e-02	3.003188532794211696e+01
3.629999999999852095e-02	3.003780815450405939e+01
3.639999999999851688e-02	3.004460134552780559e+01
3.649999999999851280e-02	3.004383403221418547e+01
3.659999999999850873e-02	3.004647369800147061e+01
3.669999999999850465e-02	3.005000171891896343e+01
3.679999999999850058e-02	3.005326985414804142e+01
3.689999999999849650e-02	3.006101373088486994e+01
3.699999999999849243e-02	3.006373203256070425e+01
3.709999999999848835e-02	3.006007346778980960e+01
3.719999999999848428e-02	3.005252873180454642e+01
3.729999999999848020e-02	3.003922713104267572e+01
3.739999999999847613e-02	3.002317114508862872e+01
3.749999999999847206e-02	3.001171198595325862e+01
3.759999999999846798e-02	3.000438726878975615e+01
3.769999999999846391e-02	2.999821662427308055e+01
3.779999999999845983e-02	2.998811061608630979e+01
3.789999999999845576e-02	2.997619354876544051e+01
3.799999999999845168e-02	2.996073313390270343e+01
3.809999999999844761e-02	2.994647398054767962e+01
3.819999999999844353e-02	2.993400806150529547e+01
3.829999999999843946e-02	2.992534128958407180e+01
3.839999999999843538e-02	2.992340057912869611e+01
3.849999999999843131e-02	2.992329876813040457e+01
3.859999999999842724e-02	2.992294478277362302e+01
3.869999999999842316e-02	2.991976803763772708e+01
3.879999999999841909e-02	2.991834227031309368e+01
3.889999999999841501e-02	2.991594486446643231e+01
3.899999999999841094e-02	2.991441874096305398e+01
3.909999999999840686e-02	2.991373836899227712e+01
3.919999999999840279e-02	2.991460124862308234e+01
3.929999999999839871e-02	2.991281101214001481e+01
3.939999999999839464e-02	2.991268884070883161e+01
3.949999999999839057e-02	2.991408034560595652e+01
3.959999999999838649e-02	2.991540305628280549e+01
3.969999999999838242e-02	2.991909666136965029e+01
3.979999999999837834e-02	2.992295211139469657e+01
3.989999999999837427e-02	2.992594043733299003e+01
3.999999999999837019e-02	2.992652125641795635e+01
4.009999999999836612e-02	2.992590094805394685e+01
4.019999999999836204e-02	2.992647506155856973e+01
4.029999999999835797e-02	2.992900783500624229e+01
4.039999999999835389e-02	2.992967446495469019e+01
4.049999999999834982e-02	2.992867326025911012e+01
4.059999999999834575e-02	2.992537226169261544e+01
4.069999999999834167e-02	2.992305644898523909e+01
4.079999999999833760e-02	2.992214758795865848e+01
4.089999999999833352e-02	2.992134624910771734e+01
4.099999999999832945e-02	2.992198530490540875e+01
4.109999999999832537e-02	2.992254406909439268e+01
4.119999999999832130e-02	2.992244656347505583e+01
4.129999999999831722e-02	2.992041500333091264e+01
4.139999999999831315e-02	2.991994828649499993e+01
4.149999999999830907e-02	2.992090013988909192e+01
4.159999999999830500e-02	2.992318912977309608e+01
4.169999999999830093e-02	2.992551080575031008e+01
4.179999999999829685e-02	2.992792731937782946e+01
4.189999999999829278e-02	2.993120378771560297e+01
4.199999999999828870e-02	2.993583378917284676e+01
4.209999999999828463e-02	2.993909085695413097e+01
4.219999999999828055e-02	2.994194374873714182e+01
4.229999999999827648e-02	2.994307614102616455e+01
4.239999999999827240e-02	2.994534942247105036e+01
4.249999999999826833e-02	2.994750791924502309e+01
4.259999999999826426e-02	2.995048574116189855e+01
4.269999999999826018e-02	2.995665229758962411e+01
4.279999999999825611e-02	2.996249934090306866e+01
4.289999999999825203e-02	2.996956271070541789e+01
4.299999999999824796e-02	2.997645296200508724e+01
4.309999999999824388e-02	2.998504618704391333e+01
4.319999999999823981e-02	2.999219475263231516e+01
4.329999999999823573e-02	2.999912941919837905e+01
4.339999999999823166e-02	3.000519119982601168e+01
4.349999999999822758e-02	3.001111338628118119e+01
4.359999999999822351e-02	3.001766053462713657e+01
4.369999999999821944e-02	3.002468730086150472e+01
4.379999999999821536e-02	3.003231450335534447e+01
4.389999999999821129e-02	3.004045088949817455e+01
4.399999999999820721e-02	3.005017501875877173e+01
4.409999999999820314e-02	3.005868333068860210e+01
4.419999999999819906e-02	3.006578981884410950e+01
4.429999999999819499e-02	3.007202830538101779e+01
4.439999999999819091e-02	3.007953809898466346e+01
4.449999999999818684e-02	3.008944047985039205e+01
4.459999999999818276e-02	3.010099445926134010e+01
4.469999999999817869e-02	3.011527934157739850e+01
4.479999999999817462e-02	3.012842612212142868e+01
4.489999999999817054e-02	3.014197559164625062e+01
4.499999999999816647e-02	3.015630296213674910e+01
4.509999999999816239e-02	3.017021665386222651e+01
4.519999999999815832e-02	3.018655822815813039e+01
4.529999999999815424e-02	3.020378604518161225e+01
4.539999999999815017e-02	3.022031083034941190e+01
4.549999999999814609e-02	3.023607880502028067e+01
4.559999999999814202e-02	3.025226360263028269e+01
4.569999999999813795e-02	3.026902248664223194e+01
4.579999999999813387e-02	3.028772745460598514e+01
4.589999999999812980e-02	3.030956913615578685e+01
4.599999999999812572e-02	3.033358279351807596e+01
4.609999999999812165e-02	3.035608403589095161e+01
4.619999999999811757e-02	3.037934926855250950e+01
4.629999999999811350e-02	3.040389300731009570e+01
4.639999999999810942e-02	3.043001365604253650e+01
4.649999999999810535e-02	3.045887323803789570e+01
4.659999999999810127e-02	3.049027672123926891e+01
4.669999999999809720e-02	3.052381425894898825e+01
4.679999999999809313e-02	3.055958498526674916e+01
4.689999999999808905e-02	3.059619175464083796e+01
4.699999999999808498e-02	3.063944131747371102e+01
4.709999999999808090e-02	3.068630730638637871e+01
4.719999999999807683e-02	3.073693987933298999e+01
4.729999999999807275e-02	3.079186245926862853e+01
4.739999999999806868e-02	3.085130899366473756e+01
4.749999999999806460e-02	3.091581374037569319e+01
4.759999999999806053e-02	3.099196083205050911e+01
4.769999999999805645e-02	3.108007390513483514e+01
4.779999999999805238e-02	3.118436062861379554e+01
4.789999999999804831e-02	3.131268601772936577e+01
4.799999999999804423e-02	3.146962771468393427e+01
4.809999999999804016e-02	3.166348841929585589e+01
4.819999999999803608e-02	3.190527126077212117e+01
4.829999999999803201e-02	3.221409357130756490e+01
4.839999999999802793e-02	3.261850524819448083e+01
4.849999999999802386e-02	3.315645396053817251e+01
4.859999999999801978e-02	3.388045960297515080e+01
4.869999999999801571e-02	3.485780227013450627e+01
4.879999999999801163e-02	3.618716126861834681e+01
4.889999999999800756e-02	3.800086214522762873e+01
4.899999999999800349e-02	4.034048513694893501e+01
4.909999999999799941e-02	4.285357404236448531e+01
4.919999999999799534e-02	5.416846941317351849e+01
4.929999999999799126e-02	6.413319980009241306e+01
4.939999999999798719e-02	7.137505428997988588e+01
4.949999999999798311e-02	7.408503952414888261e+01
4.959999999999797904e-02	7.461787640666095456e+01
4.969999999999797496e-02	7.515418544914804500e+01
4.979999999999797089e-02	7.549352603943674467e+01
4.989999999999796682e-02	7.548619839798290343e+01
4.999999999999796274e-02	7.545788251037558325e+01
5.009999999999795867e-02	7.528671832009133880e+01
5.019999999999795459e-02	7.470838644587405497e+01
5.029999999999795052e-02	7.402232077352748263e+01
5.039999999999794644e-02	7.335494271074377082e+01
5.049999999999794237e-02	7.259333699328146849e+01
5.059999999999793829e-02	7.156937185944043733e+01
5.069999999999793422e-02	7.070315691592089991e+01
5.079999999999793014e-02	6.973647971005811996e+01
5.089999999999792607e-02	6.885976555660218423e+01
5.099999999999792200e-02	6.814047912584369726e+01
5.109999999999791792e-02	6.733931917057536509e+01
5.119999999999791385e-02	6.654334486131475046e+01
5.129999999999790977e-02	6.572872420279000494e+01
5.139999999999790570e-02	6.497604529063552548e+01
5.149999999999790162e-02	6.415598841696896670e+01
5.159999999999789755e-02	6.334235714917784321e+01
5.169999999999789347e-02	6.260562007464427836e+01
5.179999999999788940e-02	6.180940794684779149e+01
5.189999999999788532e-02	6.099961015967005551e+01
5.199999999999788125e-02	6.027636972336003396e+01
5.209999999999787718e-02	5.955078036733458902e+01
5.219999999999787310e-02	5.888401635521118749e+01
5.229999999999786903e-02	5.822363286556613104e+01
5.239999999999786495e-02	5.759731210979118998e+01
5.249999999999786088e-02	5.694827442478408841e+01
5.259999999999785680e-02	5.636401938634200093e+01
5.269999999999785273e-02	5.575443209545194634e+01
5.279999999999784865e-02	5.515951967247004717e+01
5.289999999999784458e-02	5.457288549373625131e+01
5.299999999999784051e-02	5.397736466593548244e+01
5.309999999999783643e-02	5.341434365750313162e+01
5.319999999999783236e-02	5.284139671331058707e+01
5.329999999999782828e-02	5.227255425579078718e+01
5.339999999999782421e-02	5.174191462951953469e+01
5.349999999999782013e-02	5.120742674816603568e+01
5.359999999999781606e-02	5.070550953345292555e+01
5.369999999999781198e-02	5.023964448696713703e+01
5.379999999999780791e-02	4.976615947209208457e+01
5.389999999999780383e-02	4.930073678335129728e+01
5.399999999999779976e-02	4.886035377228949983e+01
5.409999999999779569e-02	4.841914034045289839e+01
5.419999999999779161e-02	4.799451681155752425e+01
5.429999999999778754e-02	4.758118100709720011e+01
5.439999999999778346e-02	4.715671003615226908e+01
5.449999999999777939e-02	4.676204169718788961e+01
5.459999999999777531e-02	4.637911016180711954e+01
5.469999999999777124e-02	4.601360833107683845e+01
5.479999999999776716e-02	4.565817894137656907e+01
5.489999999999776309e-02	4.530850184875345121e+01
5.499999999999775901e-02	4.497509064977726467e+01
5.509999999999775494e-02	4.465603252821289004e+01
5.519999999999775087e-02	4.433069685900406398e+01
5.529999999999774679e-02	4.401379469139785527e+01
5.539999999999774272e-02	4.370660541579324843e+01
5.549999999999773864e-02	4.340825878511841296e+01
5.559999999999773457e-02	4.312395349228437880e+01
5.569999999999773049e-02	4.284975603963703605e+01
5.579999999999772642e-02	4.257320356236275671e+01
5.589999999999772234e-02	4.231153487642134081e+01
5.599999999999771827e-02	4.206226689817166431e+01
5.609999999999771420e-02	4.182268829459939496e+01
5.619999999999771012e-02	4.158977962556963348e+01
5.629999999999770605e-02	4.136491272679342757e+01
5.639999999999770197e-02	4.115128553412309032e+01
5.649999999999769790e-02	4.094728935188990704e+01
5.659999999999769382e-02	4.074487221397602355e+01
5.669999999999768975e-02	4.055136243619342196e+01
5.679999999999768567e-02	4.036710387928388144e+01
5.689999999999768160e-02	4.019108918191889757e+01
5.699999999999767752e-02	4.002203161591786795e+01
5.709999999999767345e-02	3.986299252452976560e+01
5.719999999999766938e-02	3.971151448435835363e+01
5.729999999999766530e-02	3.956526783495565525e+01
5.739999999999766123e-02	3.943140970660358136e+01
5.749999999999765715e-02	3.930496640443471534e+01
5.759999999999765308e-02	3.918276407115160254e+01
5.769999999999764900e-02	3.906640943595157012e+01
5.779999999999764493e-02	3.896208234034122597e+01
5.789999999999764085e-02	3.886418374299370271e+01
5.799999999999763678e-02	3.877297523916673327e+01
5.809999999999763270e-02	3.868649670234775328e+01
5.819999999999762863e-02	3.860605367153264211e+01
5.829999999999762456e-02	3.853362064442652724e+01
5.839999999999762048e-02	3.846959043652534405e+01
5.849999999999761641e-02	3.840989190904432604e+01
5.859999999999761233e-02	3.835642345795867669e+01
5.869999999999760826e-02	3.830990759000852819e+01
5.879999999999760418e-02	3.826794262093750376e+01
5.889999999999760011e-02	3.822640003379199669e+01
5.899999999999759603e-02	3.818839399485207053e+01
5.909999999999759196e-02	3.815388621480507680e+01
5.919999999999758789e-02	3.812447423912635003e+01
5.929999999999758381e-02	3.810208140851933223e+01
5.939999999999757974e-02	3.808427485800088164e+01
5.949999999999757566e-02	3.806835555643007751e+01
5.959999999999757159e-02	3.805441705882930847e+01
5.969999999999756751e-02	3.804627980020107714e+01
5.979999999999756344e-02	3.804362193515230928e+01
5.989999999999755936e-02	3.804303100265401127e+01
5.999999999999755529e-02	3.804459202189050870e+01
6.009999999999755121e-02	3.804843009735458992e+01
6.019999999999754714e-02	3.805521762861115320e+01
6.029999999999754307e-02	3.806530971010690934e+01
6.039999999999753899e-02	3.807677204179942976e+01
6.049999999999753492e-02	3.809230611740768069e+01
6.059999999999753084e-02	3.811326098445467636e+01
6.069999999999752677e-02	3.813608017552023455e+01
6.079999999999752269e-02	3.816009266042558323e+01
6.089999999999751862e-02	3.818643188181562920e+01
6.099999999999751454e-02	3.821556510685126540e+01
6.109999999999751047e-02	3.824648110676103840e+01
6.119999999999750639e-02	3.828047638157897126e+01
6.129999999999750232e-02	3.831279884310660577e+01
6.139999999999749825e-02	3.834429383397736046e+01
6.149999999999749417e-02	3.837585951630905612e+01
6.159999999999749010e-02	3.840536930306549124e+01
6.169999999999748602e-02	3.843489973543528038e+01
6.179999999999748195e-02	3.846755926091996969e+01
6.189999999999747787e-02	3.849976807348322438e+01
6.199999999999747380e-02	3.852495794554594966e+01
6.209999999999746972e-02	3.855137933791002069e+01
6.219999999999746565e-02	3.857160080510477940e+01
6.229999999999746157e-02	3.860116728502602967e+01
6.239999999999745750e-02	3.862334160725296783e+01
6.249999999999745343e-02	3.865511498379479605e+01
6.259999999999744935e-02	3.868640886739193974e+01
6.269999999999745222e-02	3.871017660751096656e+01
6.279999999999744120e-02	3.873451447257572511e+01
6.289999999999743019e-02	3.875757595358957275e+01
6.299999999999743305e-02	3.878224146898147495e+01
6.309999999999743592e-02	3.880635567707247446e+01
6.319999999999742490e-02	3.883180629478575696e+01
6.329999999999741389e-02	3.885704742915667964e+01
6.339999999999741676e-02	3.888533835714286369e+01
6.349999999999741962e-02	3.891643519927060879e+01
6.359999999999740861e-02	3.894476654222605561e+01
6.369999999999739759e-02	3.897444017336574262e+01
6.379999999999740046e-02	3.900504931502977257e+01
6.389999999999740332e-02	3.903412014245904516e+01
6.399999999999739231e-02	3.906074156877306081e+01
6.409999999999738129e-02	3.908571709058272603e+01
6.419999999999738416e-02	3.910921071040122143e+01
6.429999999999738702e-02	3.913129711700499058e+01
6.439999999999737601e-02	3.915541782982887042e+01
6.449999999999736500e-02	3.917627476236642536e+01
6.459999999999736786e-02	3.919279791395879897e+01
6.469999999999737073e-02	3.920963633700213080e+01
6.479999999999735971e-02	3.922825838471491267e+01
6.489999999999734870e-02	3.924806498282844558e+01
6.499999999999735156e-02	3.926971010862368416e+01
6.509999999999735443e-02	3.929071628820953066e+01
6.519999999999734341e-02	3.930989595069556231e+01
6.529999999999733240e-02	3.932909438407552472e+01
6.539999999999733526e-02	3.934836118718143183e+01
6.549999999999733813e-02	3.936731301511966308e+01
6.559999999999732712e-02	3.938532540171675578e+01
6.569999999999731610e-02	3.940207228369426673e+01
6.579999999999731897e-02	3.941756930536175929e+01
6.589999999999732183e-02	3.943284234915153519e+01
6.599999999999731082e-02	3.944632126062833777e+01
6.609999999999729980e-02	3.946044409713289980e+01
6.619999999999730267e-02	3.947508308467828186e+01
6.629999999999730553e-02	3.949172776044955668e+01
6.639999999999729452e-02	3.950708758042210178e+01
6.649999999999728351e-02	3.952264577685955516e+01
6.659999999999728637e-02	3.953847562333633903e+01
6.669999999999728924e-02	3.955223041060687450e+01
6.679999999999727822e-02	3.956385440892694305e+01
6.689999999999726721e-02	3.957706311691840995e+01
6.699999999999727007e-02	3.958861735523035463e+01
6.709999999999727294e-02	3.960016908874915487e+01
6.719999999999726192e-02	3.961424687254995547e+01
6.729999999999725091e-02	3.962976493007735002e+01
6.739999999999725377e-02	3.964441180282064892e+01
6.749999999999725664e-02	3.965575031750187662e+01
6.759999999999724563e-02	3.967028728130725312e+01
6.769999999999723461e-02	3.968446540790758803e+01
6.779999999999723748e-02	3.970005756268476915e+01
6.789999999999724034e-02	3.971418027777252746e+01
6.799999999999722933e-02	3.972771681387577303e+01
6.809999999999721831e-02	3.974394535181887278e+01
6.819999999999722118e-02	3.975977172663209558e+01
6.829999999999722404e-02	3.977322507829170917e+01
6.839999999999721303e-02	3.978966018189192511e+01
6.849999999999720202e-02	3.980552010519780737e+01
6.859999999999720488e-02	3.982109871319948269e+01
6.869999999999720774e-02	3.983782954029814505e+01
6.879999999999719673e-02	3.985542697920064370e+01
6.889999999999718572e-02	3.987159225502437465e+01
6.899999999999718858e-02	3.988588007560652215e+01
6.909999999999719145e-02	3.990094031873972824e+01
6.919999999999718043e-02	3.991472627296227671e+01
6.929999999999716942e-02	3.992947061426834665e+01
6.939999999999717228e-02	3.994535230352346389e+01
6.949999999999717515e-02	3.996119404460494451e+01
6.959999999999716414e-02	3.997472244760758286e+01
6.969999999999715312e-02	3.998755801315850533e+01
6.979999999999715599e-02	4.000005112589340683e+01
6.989999999999715885e-02	4.001534776388118786e+01
6.999999999999714784e-02	4.003334422535379389e+01
7.009999999999713682e-02	4.005375601981302935e+01
7.019999999999713969e-02	4.007330225614624908e+01
7.029999999999714255e-02	4.008917633334232278e+01
7.039999999999713154e-02	4.010435602920441056e+01
7.049999999999712053e-02	4.012149470346046343e+01
7.059999999999712339e-02	4.014272622810371871e+01
7.069999999999712625e-02	4.016203534033511602e+01
7.079999999999711524e-02	4.018161104827863284e+01
7.089999999999710423e-02	4.020043750140809635e+01
7.099999999999710709e-02	4.021604344498393147e+01
7.109999999999710996e-02	4.023237146799753106e+01
7.119999999999709894e-02	4.024889150237601854e+01
7.129999999999708793e-02	4.026620568728316130e+01
7.139999999999709079e-02	4.028363245700746376e+01
7.149999999999709366e-02	4.030150851556797420e+01
7.159999999999708264e-02	4.031830943027930658e+01
7.169999999999707163e-02	4.033688167814920433e+01
7.179999999999707450e-02	4.035584907143036304e+01
7.189999999999707736e-02	4.037544516892057089e+01
7.199999999999706635e-02	4.039689486109210748e+01
7.209999999999705533e-02	4.041809518720297234e+01
7.219999999999705820e-02	4.043816585414417375e+01
7.229999999999706106e-02	4.045492449939774104e+01
7.239999999999705005e-02	4.046970218342728032e+01
7.249999999999703904e-02	4.048527508770019523e+01
7.259999999999704190e-02	4.050193909847288154e+01
7.269999999999704476e-02	4.051885075129811042e+01
7.279999999999703375e-02	4.053358824601203025e+01
7.289999999999702274e-02	4.054646003748105443e+01
7.299999999999702560e-02	4.055872871243587952e+01
7.309999999999702847e-02	4.057027581179043807e+01
7.319999999999701745e-02	4.058419286969341755e+01
7.329999999999700644e-02	4.059972084792323699e+01
7.339999999999700930e-02	4.061337432004037140e+01
7.349999999999701217e-02	4.062590009561598237e+01
7.359999999999700115e-02	4.063644051728797280e+01
7.369999999999699014e-02	4.064672263167860677e+01
7.379999999999699301e-02	4.065887238838482887e+01
7.389999999999699587e-02	4.067155099088230230e+01
7.399999999999698486e-02	4.068436386599127985e+01
7.409999999999697384e-02	4.069481212919853164e+01
7.419999999999697671e-02	4.070371673438419435e+01
7.429999999999697957e-02	4.071115427299906742e+01
7.439999999999696856e-02	4.071609264729617195e+01
7.449999999999695754e-02	4.072241420304561643e+01
7.459999999999696041e-02	4.072761417433441977e+01
7.469999999999696327e-02	4.073276602227036847e+01
7.479999999999695226e-02	4.073657704836989524e+01
7.489999999999694125e-02	4.073786429182693070e+01
7.499999999999694411e-02	4.073994303307052434e+01
7.509999999999694698e-02	4.074122155990323790e+01
7.519999999999693596e-02	4.074013198200674424e+01
7.529999999999692495e-02	4.073969932904476110e+01
7.539999999999692781e-02	4.073804606080667412e+01
7.549999999999693068e-02	4.073646405664047165e+01
7.559999999999691966e-02	4.073590746718043221e+01
7.569999999999690865e-02	4.073448215538819994e+01
7.579999999999691151e-02	4.073090289668414954e+01
7.589999999999691438e-02	4.072685632482449591e+01
7.599999999999690337e-02	4.072086937722745859e+01
7.609999999999689235e-02	4.071296119427446314e+01
7.619999999999689522e-02	4.070257374820926088e+01
7.629999999999689808e-02	4.068999720430795008e+01
7.639999999999688707e-02	4.067759368887089266e+01
7.649999999999687605e-02	4.066610791233400590e+01
7.659999999999687892e-02	4.065146755366482267e+01
7.669999999999688178e-02	4.063502296591774865e+01
7.679999999999687077e-02	4.061660529623432581e+01
7.689999999999685976e-02	4.060065238211932126e+01
7.699999999999686262e-02	4.058476991905956766e+01
7.709999999999686549e-02	4.057007263081987958e+01
7.719999999999685447e-02	4.055238009512533637e+01
7.729999999999684346e-02	4.053251242626970452e+01
7.739999999999684632e-02	4.051223152877648914e+01
7.749999999999684919e-02	4.048981173521597299e+01
7.759999999999683817e-02	4.046649692765544870e+01
7.769999999999682716e-02	4.044398415732379704e+01
7.779999999999683002e-02	4.042056736804660488e+01
7.789999999999683289e-02	4.039588122041232054e+01
7.799999999999682188e-02	4.037063716684532011e+01
7.809999999999681086e-02	4.034520925634801358e+01
7.819999999999681373e-02	4.032165356931236033e+01
7.829999999999681659e-02	4.030032618170201175e+01
7.839999999999680558e-02	4.027715515506406518e+01
7.849999999999679456e-02	4.025482344322683304e+01
7.859999999999679743e-02	4.023114980109289718e+01
7.869999999999680029e-02	4.020487261635287979e+01
7.879999999999678928e-02	4.017827073848864217e+01
7.889999999999677827e-02	4.015313868930596897e+01
7.899999999999678113e-02	4.012954532631233207e+01
7.909999999999678399e-02	4.010266685146358867e+01
7.919999999999677298e-02	4.007366337487640351e+01
7.929999999999676197e-02	4.004401496892046453e+01
7.939999999999676483e-02	4.001437120117208224e+01
7.949999999999676770e-02	3.998599768255347442e+01
7.959999999999675668e-02	3.995967937584975260e+01
7.969999999999674567e-02	3.993409960460117247e+01
7.979999999999674853e-02	3.990955635385453348e+01
7.989999999999675140e-02	3.988269880354449270e+01
7.999999999999674039e-02	3.985605665139654263e+01
8.009999999999672937e-02	3.982968673534767845e+01
8.019999999999673224e-02	3.980363637180451519e+01
8.029999999999673510e-02	3.978100216195718986e+01
8.039999999999672409e-02	3.975975148279080429e+01
8.049999999999671307e-02	3.973843792382955087e+01
8.059999999999671594e-02	3.971579506406822446e+01
8.069999999999671880e-02	3.969351990516835116e+01
8.079999999999670779e-02	3.967330977410587423e+01
8.089999999999669678e-02	3.965696438297413806e+01
8.099999999999669964e-02	3.964113215488952591e+01
8.109999999999670250e-02	3.962237237694916558e+01
8.119999999999669149e-02	3.960239220945128835e+01
8.129999999999668048e-02	3.958184977232815527e+01
8.139999999999668334e-02	3.956381506267587866e+01
8.149999999999668621e-02	3.954826191025505011e+01
8.159999999999667519e-02	3.953316141466655864e+01
8.169999999999666418e-02	3.951949449013225291e+01
8.179999999999666704e-02	3.950639871560314020e+01
8.189999999999666991e-02	3.949287279625907843e+01
8.199999999999665889e-02	3.948100073248910036e+01
8.209999999999664788e-02	3.946807247864920498e+01
8.219999999999665075e-02	3.945705261828712906e+01
8.229999999999665361e-02	3.944748583068712122e+01
8.239999999999664260e-02	3.943685264536174628e+01
8.249999999999663158e-02	3.942840046125520814e+01
8.259999999999663445e-02	3.942158790413470371e+01
8.269999999999663731e-02	3.941452693179184052e+01
8.279999999999662630e-02	3.940730163682224685e+01
8.289999999999661529e-02	3.940205240415384935e+01
8.299999999999661815e-02	3.939767017641494107e+01
8.309999999999662101e-02	3.939395293816823340e+01
8.319999999999661000e-02	3.939078328504949411e+01
8.329999999999659899e-02	3.938757221299302103e+01
8.339999999999660185e-02	3.938318234522999006e+01
8.349999999999660472e-02	3.938013381034188143e+01
8.359999999999659370e-02	3.937813920897889375e+01
8.369999999999658269e-02	3.937696912096886592e+01
8.379999999999658555e-02	3.937651770447154576e+01
8.389999999999658842e-02	3.937578570224260233e+01
8.399999999999657740e-02	3.937471133909546950e+01
8.409999999999656639e-02	3.937304586381532090e+01
8.419999999999656926e-02	3.937112596928930941e+01
8.429999999999657212e-02	3.936934311305771672e+01
8.439999999999656111e-02	3.936927804818212451e+01
8.449999999999655009e-02	3.937152187127787073e+01
8.459999999999655296e-02	3.937365296721271335e+01
8.469999999999655582e-02	3.937474491403210664e+01
8.479999999999654481e-02	3.937741822577329032e+01
8.489999999999653379e-02	3.937848529183973056e+01
8.499999999999653666e-02	3.937745266376377629e+01
8.509999999999653952e-02	3.937664524457009207e+01
8.519999999999652851e-02	3.937708149248056344e+01
8.529999999999651750e-02	3.937690794827567942e+01
8.539999999999652036e-02	3.937759089547495961e+01
8.549999999999652323e-02	3.937669169178855810e+01
8.559999999999651221e-02	3.937561478500396817e+01
8.569999999999650120e-02	3.937411755845313621e+01
8.579999999999650406e-02	3.937304098611785719e+01
8.589999999999650693e-02	3.937101437465735643e+01
8.599999999999649591e-02	3.937051185335701575e+01
8.609999999999648490e-02	3.936868107102198877e+01
8.619999999999648777e-02	3.936505348293790263e+01
8.629999999999649063e-02	3.935848544029334306e+01
8.639999999999647962e-02	3.935215236592672738e+01
8.649999999999646860e-02	3.934941044269726262e+01
8.659999999999647147e-02	3.934638637013352991e+01
8.669999999999647433e-02	3.934327659028767243e+01
8.679999999999646332e-02	3.933995496161886507e+01
8.689999999999645230e-02	3.933311135433802974e+01
8.699999999999645517e-02	3.932276519745132504e+01
8.709999999999645803e-02	3.931427313107073473e+01
8.719999999999644702e-02	3.930530507732849088e+01
8.729999999999643601e-02	3.929676502527274096e+01
8.739999999999643887e-02	3.929009737745492714e+01
8.749999999999644174e-02	3.928313376478034513e+01
8.759999999999643072e-02	3.927566966465040110e+01
8.769999999999641971e-02	3.926647709383773588e+01
8.779999999999642257e-02	3.925913281931838839e+01
8.789999999999642544e-02	3.925313978194828479e+01
8.799999999999641442e-02	3.924689980750049756e+01
8.809999999999640341e-02	3.923792714559824901e+01
8.819999999999640627e-02	3.922691188076048263e+01
8.829999999999640914e-02	3.921460513725541830e+01
8.839999999999639813e-02	3.920371458887257887e+01
8.849999999999638711e-02	3.919502051185865099e+01
8.859999999999638998e-02	3.918381880765839043e+01
8.869999999999639284e-02	3.917234016076196212e+01
8.879999999999638183e-02	3.915926986304262414e+01
8.889999999999637081e-02	3.914474056513154920e+01
8.899999999999637368e-02	3.913046298939141820e+01
8.909999999999637654e-02	3.911944771685298861e+01
8.919999999999636553e-02	3.910809902943211824e+01
8.929999999999635452e-02	3.909788275608639907e+01
8.939999999999635738e-02	3.908623145226312090e+01
8.949999999999636024e-02	3.907481692470709334e+01
8.959999999999634923e-02	3.906219559735443170e+01
8.969999999999633822e-02	3.905121421573860374e+01
8.979999999999634108e-02	3.904006770972217311e+01
8.989999999999634395e-02	3.902989365312457437e+01
8.999999999999633293e-02	3.901921703347856152e+01
9.009999999999632192e-02	3.900881703643563014e+01
9.019999999999632478e-02	3.899654529814240078e+01
9.029999999999632765e-02	3.898343241926441038e+01
9.039999999999631664e-02	3.896971539536158247e+01
9.049999999999630562e-02	3.895982741609433475e+01
9.059999999999630849e-02	3.894833270498054389e+01
9.069999999999631135e-02	3.893580200419106774e+01
9.079999999999630034e-02	3.892348313456837161e+01
9.089999999999628932e-02	3.891157699139459680e+01
9.099999999999629219e-02	3.889849681159797257e+01
9.109999999999629505e-02	3.888571702328926705e+01
9.119999999999628404e-02	3.887448365811616924e+01
9.129999999999627303e-02	3.886544546240212838e+01
9.139999999999627589e-02	3.885825150585836241e+01
9.149999999999627875e-02	3.885130388941492185e+01
9.159999999999626774e-02	3.884308641187801214e+01
9.169999999999625673e-02	3.883718500125200279e+01
9.179999999999625959e-02	3.883339664415573367e+01
9.189999999999626246e-02	3.882912480784633402e+01
9.199999999999625144e-02	3.882533951337534717e+01
9.209999999999624043e-02	3.882027233416584977e+01
9.219999999999624329e-02	3.881281062086188882e+01
9.229999999999624616e-02	3.880570248743629236e+01
9.239999999999623514e-02	3.880006952026218414e+01
9.249999999999622413e-02	3.879376612016653780e+01
9.259999999999622700e-02	3.878844667620365527e+01
9.269999999999622986e-02	3.878454122738734355e+01
9.279999999999621885e-02	3.878405224092546888e+01
9.289999999999620783e-02	3.878318198142295614e+01
9.299999999999621070e-02	3.878156106701359107e+01
9.309999999999621356e-02	3.877831046627022715e+01
9.319999999999620255e-02	3.877459870755133409e+01
9.329999999999619154e-02	3.877111949337489705e+01
9.339999999999619440e-02	3.876844330183814691e+01
9.349999999999619726e-02	3.876485981495621758e+01
9.359999999999618625e-02	3.876288831884215114e+01
9.369999999999617524e-02	3.875959930524587804e+01
9.379999999999617810e-02	3.875719354350410129e+01
9.389999999999618097e-02	3.875583081314901079e+01
9.399999999999616995e-02	3.875345548058599832e+01
9.409999999999615894e-02	3.875148697373100504e+01
9.419999999999616180e-02	3.874892096311727840e+01
9.429999999999616467e-02	3.874631042214122800e+01
9.439999999999615365e-02	3.874343378701664875e+01
9.449999999999614264e-02	3.874072883888771202e+01
9.459999999999614551e-02	3.873912518352321399e+01
9.469999999999614837e-02	3.873840265418989759e+01
9.479999999999613736e-02	3.873859006242952319e+01
9.489999999999612634e-02	3.873798339687735393e+01
9.499999999999612921e-02	3.873707857507327645e+01
9.509999999999613207e-02	3.873573817227572391e+01
9.519999999999612106e-02	3.873378789828959867e+01
9.529999999999611004e-02	3.873078186283006374e+01
9.539999999999611291e-02	3.872917339365501732e+01
9.549999999999611577e-02	3.872822941003595076e+01
9.559999999999610476e-02	3.872598847565365787e+01
9.569999999999609375e-02	3.872428861689331114e+01
9.579999999999609661e-02	3.872133487420888542e+01
9.589999999999609948e-02	3.871584508030231575e+01
9.599999999999608846e-02	3.871024970085640859e+01
9.609999999999607745e-02	3.870447300138164337e+01
9.619999999999608031e-02	3.870002017521373006e+01
9.629999999999608318e-02	3.869638243398289035e+01
9.639999999999607216e-02	3.869051947587301044e+01
9.649999999999606115e-02	3.868257926559685700e+01
9.659999999999606402e-02	3.867247002324415206e+01
9.669999999999606688e-02	3.866220561420134061e+01
9.679999999999605587e-02	3.865186052684418883e+01
9.689999999999604485e-02	3.864137804345421756e+01
9.699999999999604772e-02	3.863093625022946753e+01
9.709999999999605058e-02	3.862120022798450947e+01
9.719999999999603957e-02	3.861149371944974718e+01
9.729999999999602855e-02	3.860159762551069207e+01
9.739999999999603142e-02	3.859255264025325260e+01
9.749999999999603428e-02	3.858446920084688259e+01
9.759999999999602327e-02	3.857521509714407415e+01
9.769999999999601226e-02	3.856265507565335326e+01
9.779999999999601512e-02	3.855020407134956884e+01
9.789999999999601799e-02	3.853710044554524217e+01
9.799999999999600697e-02	3.852351162775106985e+01
9.809999999999599596e-02	3.850994211445851789e+01
9.819999999999599882e-02	3.849781439201254329e+01
9.829999999999600169e-02	3.848542860187357917e+01
9.839999999999599067e-02	3.847176242851197259e+01
9.849999999999597966e-02	3.845546003398732893e+01
9.859999999999598252e-02	3.843964488509716659e+01
9.869999999999598539e-02	3.842503310353498591e+01
9.879999999999597438e-02	3.841262423586476160e+01
9.889999999999596336e-02	3.840017087419787600e+01
9.899999999999596623e-02	3.838655572606227651e+01
9.909999999999596909e-02	3.837299734699787024e+01
9.919999999999595808e-02	3.835934711898494243e+01
9.929999999999594706e-02	3.834406468148274172e+01
9.939999999999594993e-02	3.832683779400004909e+01
9.949999999999595279e-02	3.831084526914311539e+01
9.959999999999594178e-02	3.829381510702222613e+01
9.969999999999593077e-02	3.827509079986753449e+01
9.979999999999594751e-02	3.825541044178049077e+01
9.989999999999593649e-02	3.823713879259812387e+01
9.999999999999592548e-02	3.821944091697803714e+01
1.000999999999959145e-01	3.820254421762776076e+01
1.001999999999959312e-01	3.818567527918149551e+01
1.002999999999959202e-01	3.816844741049968093e+01
1.003999999999959092e-01	3.815068521605337537e+01
1.004999999999958982e-01	3.813344800357061359e+01
1.005999999999959149e-01	3.811864006406611338e+01
1.006999999999959039e-01	3.810424219487671138e+01
1.007999999999958929e-01	3.808786705472786593e+01
1.008999999999958819e-01	3.807003737046637326e+01
1.009999999999958986e-01	3.805162641654568745e+01
1.010999999999958876e-01	3.803257416542464142e+01
1.011999999999958766e-01	3.801506524947853194e+01
1.012999999999958656e-01	3.799989611141177903e+01
1.013999999999958823e-01	3.798327261893192031e+01
1.014999999999958713e-01	3.796611143302845193e+01
1.015999999999958603e-01	3.794980036162237980e+01
1.016999999999958493e-01	3.793489790006996998e+01
1.017999999999958660e-01	3.792003389855496209e+01
1.018999999999958550e-01	3.790566511527391214e+01
1.019999999999958440e-01	3.789238833045605048e+01
1.020999999999958330e-01	3.787674897901337800e+01
1.021999999999958497e-01	3.786269795160271201e+01
1.022999999999958387e-01	3.785199532361855290e+01
1.023999999999958277e-01	3.784363163258174012e+01
1.024999999999958167e-01	3.783395217914114284e+01
1.025999999999958334e-01	3.782438473709422055e+01
1.026999999999958224e-01	3.781370254904069128e+01
1.027999999999958114e-01	3.780223356697268855e+01
1.028999999999958004e-01	3.778964564871909459e+01
1.029999999999958171e-01	3.777556509648954375e+01
1.030999999999958061e-01	3.776235971543312786e+01
1.031999999999957951e-01	3.775077050252699706e+01
1.032999999999957841e-01	3.773830751128080152e+01
1.033999999999958008e-01	3.772421739524956052e+01
1.034999999999957898e-01	3.771214783468902709e+01
1.035999999999957788e-01	3.770253774805531322e+01
1.036999999999957678e-01	3.769212132678516980e+01
1.037999999999957845e-01	3.768478173969435119e+01
1.038999999999957735e-01	3.767764231570424016e+01
1.039999999999957625e-01	3.766966913543996043e+01
1.040999999999957515e-01	3.765932907560112852e+01
1.041999999999957682e-01	3.764955270475567772e+01
1.042999999999957572e-01	3.764122993658309468e+01
1.043999999999957462e-01	3.763664754625227005e+01
1.044999999999957352e-01	3.763543971316668291e+01
1.045999999999957519e-01	3.763272045905144836e+01
1.046999999999957409e-01	3.762795350864526256e+01
1.047999999999957299e-01	3.762183084850232007e+01
1.048999999999957189e-01	3.761586181064431855e+01
1.049999999999957356e-01	3.761140710262706932e+01
1.050999999999957246e-01	3.760850926926713100e+01
1.051999999999957136e-01	3.760420175102446905e+01
1.052999999999957026e-01	3.760186203349873324e+01
1.053999999999957193e-01	3.759939781390468738e+01
1.054999999999957083e-01	3.759481657378251640e+01
1.055999999999956973e-01	3.758961973229244080e+01
1.056999999999956863e-01	3.758666113566604139e+01
1.057999999999957030e-01	3.758483763205452988e+01
1.058999999999956920e-01	3.758451119404121954e+01
1.059999999999956810e-01	3.758138273253347705e+01
1.060999999999956700e-01	3.757594724776761552e+01
1.061999999999956867e-01	3.757037062526625704e+01
1.062999999999956757e-01	3.756562799537168473e+01
1.063999999999956647e-01	3.756212875477800139e+01
1.064999999999956537e-01	3.755911301375487454e+01
1.065999999999956704e-01	3.755791437166814006e+01
1.066999999999956594e-01	3.755473087359123241e+01
1.067999999999956484e-01	3.755173852809652857e+01
1.068999999999956374e-01	3.754739205954749082e+01
1.069999999999956541e-01	3.754214347741127256e+01
1.070999999999956431e-01	3.753709638677854343e+01
1.071999999999956321e-01	3.753103866766637253e+01
1.072999999999956211e-01	3.752511679876886319e+01
1.073999999999956378e-01	3.751876932763862982e+01
1.074999999999956268e-01	3.751391659356216479e+01
1.075999999999956158e-01	3.750775539661252367e+01
1.076999999999956048e-01	3.750310919535065324e+01
1.077999999999956215e-01	3.749957227722588016e+01
1.078999999999956105e-01	3.749708271630304068e+01
1.079999999999955995e-01	3.749390643391733136e+01
1.080999999999955885e-01	3.748933233520998698e+01
1.081999999999956052e-01	3.748298903572003127e+01
1.082999999999955942e-01	3.747527481462707044e+01
1.083999999999955832e-01	3.746562158744178106e+01
1.084999999999955722e-01	3.745606496508366234e+01
1.085999999999955890e-01	3.744481076027967248e+01
1.086999999999955779e-01	3.743249772229872008e+01
1.087999999999955669e-01	3.742259694706165618e+01
1.088999999999955559e-01	3.740992415061472798e+01
1.089999999999955727e-01	3.739834482654878656e+01
1.090999999999955616e-01	3.738684172237755376e+01
1.091999999999955506e-01	3.737539539017362955e+01
1.092999999999955396e-01	3.736439117088671935e+01
1.093999999999955564e-01	3.735414068578170088e+01
1.094999999999955453e-01	3.734537892399409742e+01
1.095999999999955343e-01	3.733522421180151696e+01
1.096999999999955233e-01	3.732594576920946849e+01
1.097999999999955401e-01	3.731714461031379670e+01
1.098999999999955290e-01	3.730658199879417225e+01
1.099999999999955180e-01	3.729834189567537805e+01
1.100999999999955070e-01	3.728950376570608682e+01
1.101999999999955238e-01	3.727934647709821547e+01
1.102999999999955127e-01	3.727014629090174935e+01
1.103999999999955017e-01	3.726086732206117347e+01
1.104999999999954907e-01	3.725085703530933756e+01
1.105999999999955075e-01	3.724022459582523936e+01
1.106999999999954964e-01	3.722942587062421183e+01
1.107999999999954854e-01	3.722025892576814243e+01
1.108999999999954744e-01	3.721317224675623692e+01
1.109999999999954912e-01	3.720437638839936056e+01
1.110999999999954801e-01	3.719294086764328711e+01
1.111999999999954691e-01	3.718078256922655100e+01
1.112999999999954581e-01	3.716975298063332644e+01
1.113999999999954749e-01	3.716216880674345902e+01
1.114999999999954639e-01	3.715452055311941137e+01
1.115999999999954528e-01	3.714352150828289467e+01
1.116999999999954418e-01	3.713232739159239770e+01
1.117999999999954586e-01	3.712126571602595959e+01
1.118999999999954476e-01	3.711053939522047784e+01
1.119999999999954365e-01	3.709760755792382270e+01
1.120999999999954255e-01	3.708318497884349085e+01
1.121999999999954423e-01	3.707021241688726576e+01
1.122999999999954313e-01	3.705742894352324157e+01
1.123999999999954202e-01	3.704809599380531893e+01
1.124999999999954092e-01	3.703942126041463467e+01
1.125999999999954260e-01	3.703053808718185280e+01
1.126999999999954150e-01	3.702240934595048572e+01
1.127999999999954039e-01	3.701574726356546563e+01
1.128999999999953929e-01	3.700907712230694813e+01
1.129999999999954097e-01	3.700148925519550147e+01
1.130999999999953987e-01	3.699426822313007079e+01
1.131999999999953876e-01	3.698508029031587796e+01
1.132999999999953766e-01	3.697762683657204263e+01
1.133999999999953934e-01	3.697122459090753921e+01
1.134999999999953824e-01	3.696600597269692656e+01
1.135999999999953713e-01	3.695961049748287053e+01
1.136999999999953603e-01	3.695339765353803330e+01
1.137999999999953771e-01	3.694529895105618778e+01
1.138999999999953661e-01	3.693699275278822824e+01
1.139999999999953550e-01	3.692967119924461628e+01
1.140999999999953440e-01	3.692412793931720216e+01
1.141999999999953608e-01	3.691896981544017819e+01
1.142999999999953498e-01	3.691284388466322497e+01
1.143999999999953388e-01	3.690517691998736183e+01
1.144999999999953277e-01	3.689609205737356490e+01
1.145999999999953445e-01	3.688778200859189838e+01
1.146999999999953335e-01	3.688300474557560449e+01
1.147999999999953225e-01	3.687937133261019795e+01
1.148999999999953114e-01	3.687606682274644498e+01
1.149999999999953282e-01	3.687211992555619133e+01
1.150999999999953172e-01	3.686589601210468459e+01
1.151999999999953062e-01	3.685841590349792796e+01
1.152999999999952951e-01	3.685031486607558548e+01
1.153999999999953119e-01	3.684327437131211269e+01
1.154999999999953009e-01	3.683668446360169213e+01
1.155999999999952899e-01	3.683060266250616621e+01
1.156999999999952788e-01	3.682501310302126996e+01
1.157999999999952956e-01	3.682034080049745484e+01
1.158999999999952846e-01	3.681490113549438092e+01
1.159999999999952736e-01	3.681211863392405803e+01
1.160999999999952625e-01	3.681000608587726219e+01
1.161999999999952793e-01	3.680672740129706710e+01
1.162999999999952683e-01	3.680409993882406638e+01
1.163999999999952573e-01	3.680223589363617265e+01
1.164999999999952462e-01	3.679979492884609726e+01
1.165999999999952630e-01	3.679813374154181815e+01
1.166999999999952520e-01	3.679690322535101643e+01
1.167999999999952410e-01	3.679581351212252827e+01
1.168999999999952299e-01	3.679344496841132894e+01
1.169999999999952467e-01	3.679113052656293092e+01
1.170999999999952357e-01	3.678754146089414689e+01
1.171999999999952247e-01	3.678412050122848598e+01
1.172999999999952137e-01	3.678078666979809697e+01
1.173999999999952304e-01	3.677725115222466457e+01
1.174999999999952194e-01	3.677226437842632834e+01
1.175999999999952084e-01	3.676767512189322673e+01
1.176999999999951974e-01	3.676261780936421530e+01
1.177999999999952141e-01	3.675883847437063423e+01
1.178999999999952031e-01	3.675564585950846208e+01
1.179999999999951921e-01	3.675391548593072599e+01
1.180999999999951811e-01	3.674989360611787959e+01
1.181999999999951978e-01	3.674517128550170497e+01
1.182999999999951868e-01	3.673993703801877331e+01
1.183999999999951758e-01	3.673433086487751353e+01
1.184999999999951648e-01	3.673118583086781541e+01
1.185999999999951815e-01	3.672899721493282499e+01
1.186999999999951705e-01	3.672490544891601871e+01
1.187999999999951595e-01	3.672045092656232157e+01
1.188999999999951485e-01	3.671506619417283446e+01
1.189999999999951652e-01	3.671036268864585850e+01
1.190999999999951542e-01	3.670616404095724761e+01
1.191999999999951432e-01	3.670220846957549554e+01
1.192999999999951322e-01	3.669582823104128977e+01
1.193999999999951489e-01	3.668846606121162068e+01
1.194999999999951379e-01	3.667985321514922248e+01
1.195999999999951269e-01	3.667180883114377821e+01
1.196999999999951159e-01	3.666401264156989726e+01
1.197999999999951326e-01	3.665674230350635554e+01
1.198999999999951216e-01	3.665071907297227227e+01
1.199999999999951106e-01	3.664304603864301413e+01
1.200999999999950996e-01	3.663514657646454964e+01
1.201999999999951163e-01	3.662627607461008239e+01
1.202999999999951053e-01	3.661767177927523420e+01
1.203999999999950943e-01	3.660985658078193694e+01
1.204999999999950833e-01	3.660241735631931448e+01
1.205999999999951000e-01	3.659556749807146758e+01
1.206999999999950890e-01	3.658823720258088485e+01
1.207999999999950780e-01	3.657924854408206272e+01
1.208999999999950670e-01	3.656886001633504435e+01
1.209999999999950837e-01	3.655944238388907053e+01
1.210999999999950727e-01	3.655117934989965534e+01
1.211999999999950617e-01	3.654380958031220672e+01
1.212999999999950507e-01	3.653504249308520713e+01
1.213999999999950674e-01	3.652186177378811749e+01
1.214999999999950564e-01	3.650819495921773239e+01
1.215999999999950454e-01	3.649656994391492759e+01
1.216999999999950344e-01	3.648428308554539257e+01
1.217999999999950511e-01	3.647057687290806172e+01
1.218999999999950401e-01	3.645731940552722961e+01
1.219999999999950291e-01	3.644382292111670552e+01
1.220999999999950181e-01	3.643003108500568743e+01
1.221999999999950348e-01	3.641734018663671435e+01
1.222999999999950238e-01	3.640604433594154443e+01
1.223999999999950128e-01	3.639838762194992228e+01
1.224999999999950018e-01	3.639138307842132036e+01
1.225999999999950185e-01	3.638212954301158675e+01
1.226999999999950075e-01	3.637005450949602192e+01
1.227999999999949965e-01	3.635738202431932820e+01
1.228999999999949855e-01	3.634428938425050148e+01
1.229999999999950022e-01	3.633272598702252054e+01
1.230999999999949912e-01	3.632341631438169571e+01
1.231999999999949802e-01	3.631357394454519039e+01
1.232999999999949692e-01	3.630330439320706404e+01
1.233999999999949859e-01	3.629064951233495151e+01
1.234999999999949749e-01	3.627514928987636722e+01
1.235999999999949639e-01	3.626145065843038395e+01
1.236999999999949529e-01	3.624956474660667283e+01
1.237999999999949696e-01	3.623674976335927767e+01
1.238999999999949586e-01	3.622412574756937431e+01
1.239999999999949476e-01	3.621115036787873720e+01
1.240999999999949366e-01	3.619595984955775236e+01
1.241999999999949533e-01	3.618083463152412094e+01
1.242999999999949423e-01	3.616557931156562233e+01
1.243999999999949313e-01	3.615186121905260563e+01
1.244999999999949203e-01	3.613754826192084124e+01
1.245999999999949370e-01	3.612402232900640087e+01
1.246999999999949260e-01	3.611187299838054798e+01
1.247999999999949150e-01	3.610012365420566738e+01
1.248999999999949040e-01	3.608786532557792270e+01
1.249999999999949207e-01	3.607576181889466937e+01
1.250999999999949097e-01	3.606412883728727792e+01
1.251999999999948987e-01	3.605238328206429799e+01
1.252999999999948877e-01	3.603986649388198771e+01
1.253999999999949044e-01	3.602701040633262153e+01
1.254999999999948934e-01	3.601295029938303571e+01
1.255999999999948824e-01	3.600000861839470900e+01
1.256999999999948714e-01	3.598724431245323530e+01
1.257999999999948604e-01	3.597583814972372807e+01
1.258999999999948771e-01	3.596466867113295507e+01
1.259999999999948661e-01	3.595222094214959441e+01
1.260999999999948551e-01	3.593962755852116686e+01
1.261999999999948718e-01	3.592482653293734529e+01
1.262999999999948608e-01	3.591002621966873676e+01
1.263999999999948498e-01	3.589373089049284715e+01
1.264999999999948388e-01	3.587804558367497521e+01
1.265999999999948278e-01	3.586400655467350163e+01
1.266999999999948445e-01	3.584928411545752169e+01
1.267999999999948335e-01	3.583428835160222548e+01
1.268999999999948225e-01	3.582101992871297824e+01
1.269999999999948392e-01	3.580572009974007130e+01
1.270999999999948282e-01	3.578770632242436989e+01
1.271999999999948172e-01	3.576807668625400538e+01
1.272999999999948062e-01	3.575092296492559996e+01
1.273999999999947952e-01	3.573608028644895285e+01
1.274999999999948119e-01	3.572357236341468933e+01
1.275999999999948009e-01	3.571061613098648735e+01
1.276999999999947899e-01	3.569442161648436951e+01
1.277999999999948066e-01	3.567743219376566088e+01
1.278999999999947956e-01	3.566022920141622166e+01
1.279999999999947846e-01	3.564386584101098521e+01
1.280999999999947736e-01	3.562764004930099304e+01
1.281999999999947626e-01	3.561263785843571839e+01
1.282999999999947793e-01	3.559824506387023035e+01
1.283999999999947683e-01	3.558224639614628870e+01
1.284999999999947573e-01	3.556637613959156141e+01
1.285999999999947740e-01	3.555167901078252868e+01
1.286999999999947630e-01	3.553941561897503476e+01
1.287999999999947520e-01	3.552682585887030342e+01
1.288999999999947410e-01	3.551372954069221777e+01
1.289999999999947300e-01	3.549994308830097367e+01
1.290999999999947467e-01	3.548524972764247565e+01
1.291999999999947357e-01	3.546911898206145963e+01
1.292999999999947247e-01	3.545312849862977345e+01
1.293999999999947415e-01	3.543753659617064500e+01
1.294999999999947304e-01	3.542295553072855796e+01
1.295999999999947194e-01	3.540879829424987690e+01
1.296999999999947084e-01	3.539170168484293555e+01
1.297999999999946974e-01	3.537450827209229232e+01
1.298999999999947141e-01	3.535894490669610946e+01
1.299999999999947031e-01	3.534547021036185299e+01
1.300999999999946921e-01	3.533027906271107099e+01
1.301999999999947089e-01	3.531479426079350503e+01
1.302999999999946978e-01	3.529600776984304389e+01
1.303999999999946868e-01	3.527783032640704874e+01
1.304999999999946758e-01	3.526055451353239789e+01
1.305999999999946648e-01	3.524642972841553501e+01
1.306999999999946815e-01	3.523300975475432040e+01
1.307999999999946705e-01	3.521876532258757209e+01
1.308999999999946595e-01	3.520329453096669425e+01
1.309999999999946763e-01	3.518549757628069585e+01
1.310999999999946652e-01	3.516836268769028351e+01
1.311999999999946542e-01	3.515411004902682635e+01
1.312999999999946432e-01	3.514079851767239404e+01
1.313999999999946322e-01	3.512909526640157054e+01
1.314999999999946489e-01	3.511693340261964380e+01
1.315999999999946379e-01	3.510361883073671407e+01
1.316999999999946269e-01	3.508929293005302696e+01
1.317999999999946437e-01	3.507474971864277080e+01
1.318999999999946326e-01	3.505934701487165484e+01
1.319999999999946216e-01	3.504324609594973339e+01
1.320999999999946106e-01	3.502894857671618922e+01
1.321999999999945996e-01	3.501521188439662069e+01
1.322999999999946164e-01	3.499985930699185133e+01
1.323999999999946053e-01	3.498401428610852548e+01
1.324999999999945943e-01	3.496834221892204653e+01
1.325999999999946111e-01	3.495327500100730589e+01
1.326999999999946001e-01	3.493866000650358927e+01
1.327999999999945890e-01	3.492689776402951196e+01
1.328999999999945780e-01	3.491481833727843309e+01
1.329999999999945670e-01	3.490213285296337631e+01
1.330999999999945838e-01	3.488755476797476973e+01
1.331999999999945727e-01	3.487295868119485931e+01
1.332999999999945617e-01	3.485887492824156197e+01
1.333999999999945785e-01	3.484334705573176194e+01
1.334999999999945675e-01	3.482869005603424739e+01
1.335999999999945564e-01	3.481494451642223709e+01
1.336999999999945454e-01	3.480071837955063785e+01
1.337999999999945344e-01	3.478628937389246545e+01
1.338999999999945512e-01	3.477079023928293111e+01
1.339999999999945401e-01	3.475571583215459981e+01
1.340999999999945291e-01	3.473978283272526824e+01
1.341999999999945459e-01	3.472469970135387740e+01
1.342999999999945349e-01	3.471030887610255888e+01
1.343999999999945238e-01	3.469703553043231636e+01
1.344999999999945128e-01	3.468464756128564375e+01
1.345999999999945018e-01	3.467203724764776496e+01
1.346999999999945186e-01	3.465683411920316814e+01
1.347999999999945075e-01	3.464078547685135590e+01
1.348999999999944965e-01	3.462595603214640505e+01
1.349999999999945133e-01	3.461322261647354281e+01
1.350999999999945023e-01	3.460255859335278927e+01
1.351999999999944913e-01	3.458974694792919991e+01
1.352999999999944802e-01	3.457504113110206134e+01
1.353999999999944692e-01	3.456068766178433549e+01
1.354999999999944860e-01	3.454872224557315263e+01
1.355999999999944750e-01	3.453572791256615204e+01
1.356999999999944639e-01	3.452233182532921774e+01
1.357999999999944807e-01	3.451149336853222849e+01
1.358999999999944697e-01	3.449873925372958894e+01
1.359999999999944587e-01	3.448472573041185996e+01
1.360999999999944476e-01	3.447066456938006951e+01
1.361999999999944366e-01	3.445716021932214090e+01
1.362999999999944534e-01	3.444550843673923168e+01
1.363999999999944424e-01	3.443290089799539544e+01
1.364999999999944313e-01	3.442014854209694619e+01
1.365999999999944481e-01	3.440555246880151685e+01
1.366999999999944371e-01	3.439209116175631920e+01
1.367999999999944261e-01	3.437696865822717740e+01
1.368999999999944150e-01	3.436337801088269117e+01
1.369999999999944040e-01	3.435063180998409393e+01
1.370999999999944208e-01	3.433775644791011672e+01
1.371999999999944098e-01	3.432316884586946060e+01
1.372999999999943987e-01	3.430788032083613359e+01
1.373999999999944155e-01	3.429070894855982488e+01
1.374999999999944045e-01	3.427621459416378968e+01
1.375999999999943935e-01	3.426499427978549051e+01
1.376999999999943824e-01	3.425417975616698385e+01
1.377999999999943714e-01	3.424095315458037447e+01
1.378999999999943882e-01	3.422451818243560240e+01
1.379999999999943772e-01	3.420727082743690772e+01
1.380999999999943662e-01	3.419063900883583074e+01
1.381999999999943829e-01	3.417687458979708026e+01
1.382999999999943719e-01	3.416495665181733443e+01
1.383999999999943609e-01	3.415367930877633995e+01
1.384999999999943499e-01	3.414037960110024983e+01
1.385999999999943388e-01	3.412733729575346331e+01
1.386999999999943556e-01	3.411151510155622901e+01
1.387999999999943446e-01	3.409535489937034214e+01
1.388999999999943336e-01	3.408059888750820932e+01
1.389999999999943503e-01	3.406889908204632178e+01
1.390999999999943393e-01	3.405756347020079033e+01
1.391999999999943283e-01	3.404606502998343842e+01
1.392999999999943173e-01	3.403418903607073531e+01
1.393999999999943062e-01	3.402059980591692323e+01
1.394999999999943230e-01	3.400792713201499851e+01
1.395999999999943120e-01	3.399618429741722281e+01
1.396999999999943010e-01	3.398464639681769484e+01
1.397999999999943177e-01	3.397253716508882349e+01
1.398999999999943067e-01	3.395885423762697286e+01
1.399999999999942957e-01	3.394506947791159490e+01
1.400999999999942847e-01	3.393212199980398225e+01
1.401999999999942736e-01	3.391960598894718970e+01
1.402999999999942904e-01	3.390873057475313601e+01
1.403999999999942794e-01	3.389743700835831675e+01
1.404999999999942684e-01	3.388481262929812488e+01
1.405999999999942851e-01	3.387175260425466661e+01
1.406999999999942741e-01	3.385765247639935893e+01
1.407999999999942631e-01	3.384279784846813754e+01
1.408999999999942521e-01	3.383085671001046535e+01
1.409999999999942411e-01	3.381849801237698472e+01
1.410999999999942578e-01	3.380752383103804704e+01
1.411999999999942468e-01	3.379713676049080817e+01
1.412999999999942358e-01	3.378674272897733033e+01
1.413999999999942525e-01	3.377698413376926112e+01
1.414999999999942415e-01	3.376509210846920439e+01
1.415999999999942305e-01	3.375427503085234804e+01
1.416999999999942195e-01	3.374065942614343783e+01
1.417999999999942085e-01	3.372669920744043282e+01
1.418999999999942252e-01	3.371244383478808970e+01
1.419999999999942142e-01	3.369703113604349198e+01
1.420999999999942032e-01	3.368358216595648713e+01
1.421999999999942199e-01	3.367050965955134245e+01
1.422999999999942089e-01	3.365947337041605891e+01
1.423999999999941979e-01	3.364792325152856733e+01
1.424999999999941869e-01	3.363777633881201012e+01
1.425999999999941759e-01	3.362634690090511214e+01
1.426999999999941926e-01	3.361499042309435481e+01
1.427999999999941816e-01	3.360359425753689777e+01
1.428999999999941706e-01	3.359112778776853503e+01
1.429999999999941873e-01	3.357627104718380906e+01
1.430999999999941763e-01	3.356256226235099405e+01
1.431999999999941653e-01	3.355047233610727631e+01
1.432999999999941543e-01	3.353889024394908347e+01
1.433999999999941433e-01	3.352478537451759166e+01
1.434999999999941600e-01	3.351043754582841672e+01
1.435999999999941490e-01	3.349725858348406149e+01
1.436999999999941380e-01	3.348364087583086501e+01
1.437999999999941547e-01	3.347033940743724401e+01
1.438999999999941437e-01	3.345810000714001831e+01
1.439999999999941327e-01	3.344712348502424248e+01
1.440999999999941217e-01	3.343695946484199055e+01
1.441999999999941107e-01	3.342796407429894145e+01
1.442999999999941274e-01	3.341948601879375502e+01
1.443999999999941164e-01	3.340966493356584976e+01
1.444999999999941054e-01	3.340025101440400590e+01
1.445999999999941221e-01	3.339092338255153436e+01
1.446999999999941111e-01	3.338053886870140730e+01
1.447999999999941001e-01	3.336972481954646952e+01
1.448999999999940891e-01	3.335883870740017443e+01
1.449999999999940781e-01	3.334704555858317576e+01
1.450999999999940948e-01	3.333487727479987228e+01
1.451999999999940838e-01	3.332307482624986505e+01
1.452999999999940728e-01	3.331239851171198296e+01
1.453999999999940895e-01	3.330326102649758013e+01
1.454999999999940785e-01	3.329303158362637305e+01
1.455999999999940675e-01	3.328119801829598856e+01
1.456999999999940565e-01	3.326892876218466455e+01
1.457999999999940455e-01	3.325649694201845108e+01
1.458999999999940622e-01	3.324456228634944210e+01
1.459999999999940512e-01	3.323149392066554242e+01
1.460999999999940402e-01	3.322082636176141790e+01
1.461999999999940569e-01	3.320875104823103641e+01
1.462999999999940459e-01	3.319527782611355349e+01
1.463999999999940349e-01	3.318187067464450735e+01
1.464999999999940239e-01	3.317008624847283471e+01
1.465999999999940129e-01	3.315814471776190686e+01
1.466999999999940296e-01	3.314654516271718876e+01
1.467999999999940186e-01	3.313805848305948842e+01
1.468999999999940076e-01	3.312814069996646538e+01
1.469999999999940243e-01	3.311620070151358419e+01
1.470999999999940133e-01	3.310334763214565612e+01
1.471999999999940023e-01	3.309302389435107727e+01
1.472999999999939913e-01	3.308324454748909460e+01
1.473999999999939803e-01	3.307370159123733089e+01
1.474999999999939970e-01	3.306322265224124379e+01
1.475999999999939860e-01	3.305025966887396294e+01
1.476999999999939750e-01	3.303734834663368503e+01
1.477999999999939917e-01	3.302696847341190534e+01
1.478999999999939807e-01	3.301671400527788336e+01
1.479999999999939697e-01	3.300445281020241595e+01
1.480999999999939587e-01	3.299043457622147457e+01
1.481999999999939477e-01	3.297600731775096250e+01
1.482999999999939644e-01	3.296180543610537939e+01
1.483999999999939534e-01	3.294866244555024082e+01
1.484999999999939424e-01	3.293813358492416654e+01
1.485999999999939591e-01	3.292718323317858875e+01
1.486999999999939481e-01	3.291675839828780425e+01
1.487999999999939371e-01	3.290557534374836024e+01
1.488999999999939261e-01	3.289489712178023240e+01
1.489999999999939151e-01	3.288339105386405237e+01
1.490999999999939318e-01	3.287097069444325115e+01
1.491999999999939208e-01	3.285976765684007006e+01
1.492999999999939098e-01	3.285055987232659902e+01
1.493999999999939265e-01	3.284065131043298891e+01
1.494999999999939155e-01	3.283052494478522476e+01
1.495999999999939045e-01	3.282062961689594971e+01
1.496999999999938935e-01	3.281057109418929230e+01
1.497999999999938825e-01	3.280098343604695543e+01
1.498999999999938992e-01	3.279068271526583800e+01
1.499999999999938882e-01	3.278113898919343683e+01
1.500999999999938772e-01	3.277075384939186620e+01
1.501999999999938940e-01	3.276006413896142533e+01
1.502999999999938829e-01	3.275052464938741537e+01
1.503999999999938719e-01	3.273946095147864810e+01
1.504999999999938609e-01	3.272759124005189335e+01
1.505999999999938499e-01	3.271758876319661624e+01
1.506999999999938666e-01	3.270538173307662788e+01
1.507999999999938556e-01	3.269456501628996392e+01
1.508999999999938446e-01	3.268453462573931034e+01
1.509999999999938614e-01	3.267311592605166481e+01
1.510999999999938503e-01	3.266143692513828967e+01
1.511999999999938393e-01	3.264871758748027020e+01
1.512999999999938283e-01	3.263758252788041858e+01
1.513999999999938173e-01	3.262806454635883568e+01
1.514999999999938340e-01	3.262034943494580119e+01
1.515999999999938230e-01	3.261334840889333009e+01
1.516999999999938120e-01	3.260724939596574501e+01
1.517999999999938288e-01	3.260078353188973210e+01
1.518999999999938177e-01	3.259264144889435499e+01
1.519999999999938067e-01	3.258297016317747818e+01
1.520999999999937957e-01	3.257513640543432132e+01
1.521999999999937847e-01	3.256886046348520836e+01
1.522999999999938014e-01	3.256071788874370299e+01
1.523999999999937904e-01	3.255110330950359554e+01
1.524999999999937794e-01	3.253872854762319378e+01
1.525999999999937962e-01	3.252820023000988670e+01
1.526999999999937851e-01	3.251918056127360757e+01
1.527999999999937741e-01	3.250996541142524165e+01
1.528999999999937631e-01	3.250021737471731598e+01
1.529999999999937521e-01	3.249082325177462138e+01
1.530999999999937689e-01	3.248005735919953452e+01
1.531999999999937578e-01	3.246854343603008886e+01
1.532999999999937468e-01	3.245969815325106111e+01
1.533999999999937636e-01	3.245293514214966990e+01
1.534999999999937526e-01	3.244345052830548326e+01
1.535999999999937415e-01	3.243169181907895648e+01
1.536999999999937305e-01	3.241864961350011498e+01
1.537999999999937195e-01	3.240384676868735880e+01
1.538999999999937363e-01	3.239152515229424267e+01
1.539999999999937252e-01	3.238273753948923428e+01
1.540999999999937142e-01	3.237472385635387440e+01
1.541999999999937310e-01	3.236601048393815461e+01
1.542999999999937200e-01	3.235429217215197895e+01
1.543999999999937089e-01	3.233988225956491647e+01
1.544999999999936979e-01	3.232632123754896014e+01
1.545999999999936869e-01	3.231496063812824815e+01
1.546999999999937037e-01	3.230538453816151190e+01
1.547999999999936926e-01	3.229647733612443261e+01
1.548999999999936816e-01	3.228516811487143201e+01
1.549999999999936984e-01	3.227086729548056354e+01
1.550999999999936874e-01	3.225679093810321518e+01
1.551999999999936763e-01	3.224444500655458512e+01
1.552999999999936653e-01	3.223465927226619243e+01
1.553999999999936543e-01	3.222707559078031636e+01
1.554999999999936711e-01	3.221818613941347564e+01
1.555999999999936600e-01	3.220825846102796675e+01
1.556999999999936490e-01	3.219672532306404378e+01
1.557999999999936658e-01	3.218397786162645247e+01
1.558999999999936548e-01	3.217382176269391891e+01
1.559999999999936438e-01	3.216565165084087852e+01
1.560999999999936327e-01	3.215419449473527891e+01
1.561999999999936217e-01	3.214428720187356703e+01
1.562999999999936385e-01	3.213588314555286019e+01
1.563999999999936275e-01	3.212562415892882939e+01
1.564999999999936164e-01	3.211415363055768779e+01
1.565999999999936332e-01	3.210241726000187867e+01
1.566999999999936222e-01	3.209229301207523832e+01
1.567999999999936112e-01	3.208436229544944496e+01
1.568999999999936001e-01	3.207554344555666859e+01
