0.000000000000000000e+00	1.804071271779615016e+00
9.999999999999592548e-05	1.804813551601264443e+00
1.999999999999918510e-04	1.803123995086727716e+00
2.999999999999877764e-04	1.802209967823594772e+00
3.999999999999837019e-04	1.803103962724372789e+00
4.999999999999796274e-04	1.802745455348518933e+00
5.999999999999755529e-04	1.802025454309435171e+00
6.999999999999714784e-04	1.800907001890086123e+00
7.999999999999674039e-04	1.799726924668011208e+00
8.999999999999633293e-04	1.798208998046951113e+00
9.999999999999592548e-04	1.799639042561112623e+00
1.099999999999955180e-03	1.802240874073747445e+00
1.199999999999951106e-03	1.803966745370483959e+00
1.299999999999947031e-03	1.804437368663905250e+00
1.399999999999942957e-03	1.803009428048424345e+00
1.499999999999938882e-03	1.801612325281563676e+00
1.599999999999934808e-03	1.801708057887865477e+00
1.699999999999930733e-03	1.803296496739539068e+00
1.799999999999926659e-03	1.804483198508170849e+00
1.899999999999922584e-03	1.804516615466358997e+00
1.999999999999918510e-03	1.802979240919810877e+00
2.099999999999914435e-03	1.801572979521300244e+00
2.199999999999910361e-03	1.803051840311771237e+00
2.299999999999906286e-03	1.804375619937026665e+00
2.399999999999902212e-03	1.806385975426954671e+00
2.499999999999898137e-03	1.807700879381412218e+00
2.599999999999894063e-03	1.805431538010423109e+00
2.699999999999889988e-03	1.803139572932804136e+00
2.799999999999885913e-03	1.802617700621008678e+00
2.899999999999881839e-03	1.802299962288811175e+00
2.999999999999877764e-03	1.804830864208267105e+00
3.099999999999873690e-03	1.805451042087214963e+00
3.199999999999869615e-03	1.805736631871145192e+00
3.299999999999865541e-03	1.804593952351017272e+00
3.399999999999861466e-03	1.802481431406379286e+00
3.499999999999857392e-03	1.801193528950054246e+00
3.599999999999853317e-03	1.802819921430121708e+00
3.699999999999849243e-03	1.805118993517269566e+00
3.799999999999845168e-03	1.806440980839795207e+00
3.899999999999841094e-03	1.804553615909528119e+00
3.999999999999837019e-03	1.802596931803774671e+00
4.099999999999832945e-03	1.801042472562234709e+00
4.199999999999828870e-03	1.801110425947441307e+00
4.299999999999824796e-03	1.803028639606149008e+00
4.399999999999820721e-03	1.803839640534750988e+00
4.499999999999816647e-03	1.804559530646099752e+00
4.599999999999812572e-03	1.803893114986991009e+00
4.699999999999808498e-03	1.803487754413355404e+00
4.799999999999804423e-03	1.803655723141494915e+00
4.899999999999800349e-03	1.803696084291268154e+00
4.999999999999796274e-03	1.804479250949052371e+00
5.099999999999792200e-03	1.806859314410635298e+00
5.199999999999788125e-03	1.807976354926478901e+00
5.299999999999784051e-03	1.804934508460519949e+00
5.399999999999779976e-03	1.802196402184026214e+00
5.499999999999775901e-03	1.800535054930051393e+00
5.599999999999771827e-03	1.802025779173859865e+00
5.699999999999767752e-03	1.802392114829843406e+00
5.799999999999763678e-03	1.803648016525418063e+00
5.899999999999759603e-03	1.802770345848885292e+00
5.999999999999755529e-03	1.802384086186939127e+00
6.099999999999751454e-03	1.804643228331103799e+00
6.199999999999747380e-03	1.805747158773945538e+00
6.299999999999743305e-03	1.806177775955888132e+00
6.399999999999739231e-03	1.806879505027652932e+00
6.499999999999735156e-03	1.808957103761512419e+00
6.599999999999731082e-03	1.809742678371466962e+00
6.699999999999727007e-03	1.809576257768756857e+00
6.799999999999722933e-03	1.806703261378993286e+00
6.899999999999718858e-03	1.807058794045537820e+00
6.999999999999714784e-03	1.807577764302929602e+00
7.099999999999710709e-03	1.807061271263464386e+00
7.199999999999706635e-03	1.807097191683243453e+00
7.299999999999702560e-03	1.807867403116296456e+00
7.399999999999698486e-03	1.809274414151334609e+00
7.499999999999694411e-03	1.810011712685975160e+00
7.599999999999690337e-03	1.808900849873164463e+00
7.699999999999686262e-03	1.808650924386233205e+00
7.799999999999682188e-03	1.808315139010561845e+00
7.899999999999678113e-03	1.809037618686326399e+00
7.999999999999674039e-03	1.811865988019055740e+00
8.099999999999669964e-03	1.815207345295810404e+00
8.199999999999665889e-03	1.816834237289678189e+00
8.299999999999661815e-03	1.817836504820409038e+00
8.399999999999657740e-03	1.817301625336119386e+00
8.499999999999653666e-03	1.815866486400872448e+00
8.599999999999649591e-03	1.816411868382368455e+00
8.699999999999645517e-03	1.817931254226399895e+00
8.799999999999641442e-03	1.820850242433162292e+00
8.899999999999637368e-03	1.822880019919164596e+00
8.999999999999633293e-03	1.825297182260265272e+00
9.099999999999629219e-03	1.827714451408566143e+00
9.199999999999625144e-03	1.830794805512052204e+00
9.299999999999621070e-03	1.832610619230691684e+00
9.399999999999616995e-03	1.833739537403285880e+00
9.499999999999612921e-03	1.833894562934499817e+00
9.599999999999608846e-03	1.835006913498574477e+00
9.699999999999604772e-03	1.833977914824600042e+00
9.799999999999600697e-03	1.834023666730982827e+00
9.899999999999596623e-03	1.836582842963210727e+00
9.999999999999592548e-03	1.840168919001307080e+00
1.009999999999958847e-02	1.844524988638272855e+00
1.019999999999958440e-02	1.849036546772820477e+00
1.029999999999958032e-02	1.851839057344040862e+00
1.039999999999957625e-02	1.856361078220894356e+00
1.049999999999957218e-02	1.861166109375271382e+00
1.059999999999956810e-02	1.867665393272890606e+00
1.069999999999956403e-02	1.872168002421029209e+00
1.079999999999955995e-02	1.873404923158450863e+00
1.089999999999955588e-02	1.874519545523603892e+00
1.099999999999955180e-02	1.877505576857158465e+00
1.109999999999954773e-02	1.882783819741463471e+00
1.119999999999954365e-02	1.888384021073306274e+00
1.129999999999953958e-02	1.893502107026327819e+00
1.139999999999953550e-02	1.897764097337759193e+00
1.149999999999953143e-02	1.901611174057065812e+00
1.159999999999952736e-02	1.905511961099485729e+00
1.169999999999952328e-02	1.908967376792320314e+00
1.179999999999951921e-02	1.914273470598818472e+00
1.189999999999951513e-02	1.921340962834990673e+00
1.199999999999951106e-02	1.928262430580044429e+00
1.209999999999950698e-02	1.932904654567620506e+00
1.219999999999950291e-02	1.935970974377040132e+00
1.229999999999949883e-02	1.939834965203148132e+00
1.239999999999949476e-02	1.945804318623356011e+00
1.249999999999949069e-02	1.951896225167880861e+00
1.259999999999948661e-02	1.960628159650076752e+00
1.269999999999948254e-02	1.968055374061585594e+00
1.279999999999947846e-02	1.973209761693573983e+00
1.289999999999947439e-02	1.978133862648479901e+00
1.299999999999947031e-02	1.982671497867930510e+00
1.309999999999946624e-02	1.989666802975288862e+00
1.319999999999946216e-02	1.997858296065761818e+00
1.329999999999945809e-02	2.005467152654114571e+00
1.339999999999945401e-02	2.012258869336863043e+00
1.349999999999944994e-02	2.019156367032512556e+00
1.359999999999944587e-02	2.023848076607074553e+00
1.369999999999944179e-02	2.029362802147616662e+00
1.379999999999943772e-02	2.037895178112847372e+00
1.389999999999943364e-02	2.048029317316842679e+00
1.399999999999942957e-02	2.059182353645451435e+00
1.409999999999942549e-02	2.067723045201838694e+00
1.419999999999942142e-02	2.074691622099805066e+00
1.429999999999941734e-02	2.081419738647642070e+00
1.439999999999941327e-02	2.090858514839522897e+00
1.449999999999940919e-02	2.099645195720507118e+00
1.459999999999940512e-02	2.109502958753171953e+00
1.469999999999940105e-02	2.120432197334175761e+00
1.479999999999939697e-02	2.130401994062802729e+00
1.489999999999939290e-02	2.139820808879762559e+00
1.499999999999938882e-02	2.147783868615334768e+00
1.509999999999938475e-02	2.157219073915744190e+00
1.519999999999938067e-02	2.167025746594507751e+00
1.529999999999937660e-02	2.176593201187214888e+00
1.539999999999937252e-02	2.185811756508787340e+00
1.549999999999936845e-02	2.196150332123047555e+00
1.559999999999936438e-02	2.209261889532101009e+00
1.569999999999936030e-02	2.221961682402088023e+00
1.579999999999935623e-02	2.233246432134960990e+00
1.589999999999935215e-02	2.244277170579866976e+00
1.599999999999934808e-02	2.255693145865407701e+00
1.609999999999934400e-02	2.268165074426944372e+00
1.619999999999933993e-02	2.280845045798250759e+00
1.629999999999933585e-02	2.291759480385437975e+00
1.639999999999933178e-02	2.301474870932292305e+00
1.649999999999932770e-02	2.312347466897148429e+00
1.659999999999932363e-02	2.325885988286622741e+00
1.669999999999931956e-02	2.339959915537387580e+00
1.679999999999931548e-02	2.352298383528611758e+00
1.689999999999931141e-02	2.368987769018803036e+00
1.699999999999930733e-02	2.383436343594004470e+00
1.709999999999930326e-02	2.395817726174678697e+00
1.719999999999929918e-02	2.410539486879821780e+00
1.729999999999929511e-02	2.424384083836382153e+00
1.739999999999929103e-02	2.439667684145264914e+00
1.749999999999928696e-02	2.455657704799487639e+00
1.759999999999928288e-02	2.472377074077488857e+00
1.769999999999927881e-02	2.490458185829292681e+00
1.779999999999927474e-02	2.505580947109227630e+00
1.789999999999927066e-02	2.519426379659373438e+00
1.799999999999926659e-02	2.533928195226212488e+00
1.809999999999926251e-02	2.552193937644689825e+00
1.819999999999925844e-02	2.571189932600692174e+00
1.829999999999925436e-02	2.588696603710421762e+00
1.839999999999925029e-02	2.606584567956199194e+00
1.849999999999924621e-02	2.620893633433333036e+00
1.859999999999924214e-02	2.640611800049708080e+00
1.869999999999923807e-02	2.661390513781404010e+00
1.879999999999923399e-02	2.683687098613853017e+00
1.889999999999922992e-02	2.705562889141416960e+00
1.899999999999922584e-02	2.724988690954202930e+00
1.909999999999922177e-02	2.744524742136614570e+00
1.919999999999921769e-02	2.764538499120644310e+00
1.929999999999921362e-02	2.788802306086386018e+00
1.939999999999920954e-02	2.811471378246221065e+00
1.949999999999920547e-02	2.832455998663093943e+00
1.959999999999920139e-02	2.854659878963960118e+00
1.969999999999919732e-02	2.874970540422496335e+00
1.979999999999919325e-02	2.894561948117236660e+00
1.989999999999918917e-02	2.913330152603028189e+00
1.999999999999918510e-02	2.936705709611629800e+00
2.009999999999918102e-02	2.962440807703814016e+00
2.019999999999917695e-02	2.991753930540934192e+00
2.029999999999917287e-02	3.020427691836199635e+00
2.039999999999916880e-02	3.047849775638560743e+00
2.049999999999916472e-02	3.070679165570905589e+00
2.059999999999916065e-02	3.095738188814063818e+00
2.069999999999915657e-02	3.121093170779378312e+00
2.079999999999915250e-02	3.150765367852493171e+00
2.089999999999914843e-02	3.181750244360397772e+00
2.099999999999914435e-02	3.212949297834448714e+00
2.109999999999914028e-02	3.242518611316205224e+00
2.119999999999913620e-02	3.269748762180938684e+00
2.129999999999913213e-02	3.300090551108844750e+00
2.139999999999912805e-02	3.333092365995280026e+00
2.149999999999912398e-02	3.369770321293662718e+00
2.159999999999911990e-02	3.406763231987951279e+00
2.169999999999911583e-02	3.442057703078604369e+00
2.179999999999911175e-02	3.472380903673990993e+00
2.189999999999910768e-02	3.504895875488417190e+00
2.199999999999910361e-02	3.537316441995229432e+00
2.209999999999909953e-02	3.572517418959643365e+00
2.219999999999909546e-02	3.613520950644869778e+00
2.229999999999909138e-02	3.654887060089510697e+00
2.239999999999908731e-02	3.693292848659748273e+00
2.249999999999908323e-02	3.733278644648531319e+00
2.259999999999907916e-02	3.772272830814277889e+00
2.269999999999907508e-02	3.811393743214055885e+00
2.279999999999907101e-02	3.857119605707159504e+00
2.289999999999906694e-02	3.904637592408394031e+00
2.299999999999906286e-02	3.951026309244896506e+00
2.309999999999905879e-02	3.997968073696859914e+00
2.319999999999905471e-02	4.046335886826252448e+00
2.329999999999905064e-02	4.093004681850375803e+00
2.339999999999904656e-02	4.139216210367676396e+00
2.349999999999904249e-02	4.188647004678070829e+00
2.359999999999903841e-02	4.241682049749456951e+00
2.369999999999903434e-02	4.293854423272176035e+00
2.379999999999903026e-02	4.347029335199229294e+00
2.389999999999902619e-02	4.399341335220148252e+00
2.399999999999902212e-02	4.452508741796874503e+00
2.409999999999901804e-02	4.507416770010804541e+00
2.419999999999901397e-02	4.562337403243763134e+00
2.429999999999900989e-02	4.617648785260671573e+00
2.439999999999900582e-02	4.679232163385036003e+00
2.449999999999900174e-02	4.747069195347403792e+00
2.459999999999899767e-02	4.813046418582921149e+00
2.469999999999899359e-02	4.880294239688396374e+00
2.479999999999898952e-02	4.947762378516886272e+00
2.489999999999898544e-02	5.012416926759675206e+00
2.499999999999898137e-02	5.083674729565753836e+00
2.509999999999897730e-02	5.158295083405835868e+00
2.519999999999897322e-02	5.236208210053348466e+00
2.529999999999896915e-02	5.317530337998602974e+00
2.539999999999896507e-02	5.397230258223393307e+00
2.549999999999896100e-02	5.474834848153529165e+00
2.559999999999895692e-02	5.555576852500802687e+00
2.569999999999895285e-02	5.638989667417225959e+00
2.579999999999894877e-02	5.728577450638967505e+00
2.589999999999894470e-02	5.823199519975412741e+00
2.599999999999894063e-02	5.916244975024918418e+00
2.609999999999893655e-02	6.012226284263904930e+00
2.619999999999893248e-02	6.110104505653836782e+00
2.629999999999892840e-02	6.209624547073001821e+00
2.639999999999892433e-02	6.315649375281246591e+00
2.649999999999892025e-02	6.426696986881539786e+00
2.659999999999891618e-02	6.537170119276245472e+00
2.669999999999891210e-02	6.651261353819469591e+00
2.679999999999890803e-02	6.768680906717422729e+00
2.689999999999890395e-02	6.890541666634877771e+00
2.699999999999889988e-02	7.014801880676845514e+00
2.709999999999889581e-02	7.143249105270754740e+00
2.719999999999889173e-02	7.278541701038980349e+00
2.729999999999888766e-02	7.416556449097861048e+00
2.739999999999888358e-02	7.557054656394944558e+00
2.749999999999887951e-02	7.702879942852431938e+00
2.759999999999887543e-02	7.852910800701460303e+00
2.769999999999887136e-02	8.012802614119690858e+00
2.779999999999886728e-02	8.177621368985645844e+00
2.789999999999886321e-02	8.348319504617661480e+00
2.799999999999885913e-02	8.524696098908776776e+00
2.809999999999885506e-02	8.705367519871398230e+00
2.819999999999885099e-02	8.896276063741057172e+00
2.829999999999884691e-02	9.094066360063379761e+00
2.839999999999884284e-02	9.299650174353754295e+00
2.849999999999883876e-02	9.507598327221531420e+00
2.859999999999883469e-02	9.728079172835260024e+00
2.869999999999883061e-02	9.954797999875401260e+00
2.879999999999882654e-02	1.018886276243130418e+01
2.889999999999882246e-02	1.043151319376553232e+01
2.899999999999881839e-02	1.068661541204701670e+01
2.909999999999881432e-02	1.095315863319210870e+01
2.919999999999881024e-02	1.123215507788596845e+01
2.929999999999880617e-02	1.152410210935413915e+01
2.939999999999880209e-02	1.182735412679157427e+01
2.949999999999879802e-02	1.214732144763820720e+01
2.959999999999879394e-02	1.248229206540762526e+01
2.969999999999878987e-02	1.283057499044827843e+01
2.979999999999878579e-02	1.319545329975516879e+01
2.989999999999878172e-02	1.357205634541229777e+01
2.999999999999877764e-02	1.396512082322424853e+01
3.009999999999877357e-02	1.438000303704274785e+01
3.019999999999876950e-02	1.480892085144972370e+01
3.029999999999876542e-02	1.526077426967228590e+01
3.039999999999876135e-02	1.572978565028597941e+01
3.049999999999875727e-02	1.620843378825499315e+01
3.059999999999875320e-02	1.669648603686615118e+01
3.069999999999874912e-02	1.719720099687625847e+01
3.079999999999874505e-02	1.770550798683413163e+01
3.089999999999874097e-02	1.823759093190349745e+01
3.099999999999873690e-02	1.877516391686551245e+01
3.109999999999873282e-02	1.933426907819336904e+01
3.119999999999872875e-02	1.989814588115654104e+01
3.129999999999872468e-02	2.045659435949412952e+01
3.139999999999872060e-02	2.104234548247130476e+01
3.149999999999871653e-02	2.160966698528641672e+01
3.159999999999871245e-02	2.218486481143453304e+01
3.169999999999870838e-02	2.277143873131345586e+01
3.179999999999870430e-02	2.337657064852425748e+01
3.189999999999870023e-02	2.396097413989764746e+01
3.199999999999869615e-02	2.455590403101448516e+01
3.209999999999869208e-02	2.508174393441231231e+01
3.219999999999868801e-02	2.557823706840133937e+01
3.229999999999868393e-02	2.610581241615292569e+01
3.239999999999867986e-02	2.661465522151219787e+01
3.249999999999867578e-02	2.710079481017507774e+01
3.259999999999867171e-02	2.756014052229397393e+01
3.269999999999866763e-02	2.796853944706929695e+01
3.279999999999866356e-02	2.829246223545406735e+01
3.289999999999865948e-02	2.859750420101913448e+01
3.299999999999865541e-02	2.884600361486647913e+01
3.309999999999865133e-02	2.907693037895494115e+01
3.319999999999864726e-02	2.929285701628448280e+01
3.329999999999864319e-02	2.946343313066129355e+01
3.339999999999863911e-02	2.956802142517694421e+01
3.349999999999863504e-02	2.963379258318085974e+01
3.359999999999863096e-02	2.966902414544993150e+01
3.369999999999862689e-02	2.971530186918226590e+01
3.379999999999862281e-02	2.975518259565332357e+01
3.389999999999861874e-02	2.979050349631916816e+01
3.399999999999861466e-02	2.984363751916323793e+01
3.409999999999861059e-02	2.989689005808620337e+01
3.419999999999860651e-02	2.992681287414433200e+01
3.429999999999860244e-02	2.994316168501768161e+01
3.439999999999859837e-02	2.993475283821035404e+01
3.449999999999859429e-02	2.992516942509820410e+01
3.459999999999859022e-02	2.993199780450445857e+01
3.469999999999858614e-02	2.993187061958396455e+01
3.479999999999858207e-02	2.993846746219777089e+01
3.489999999999857799e-02	2.995701250739084998e+01
3.499999999999857392e-02	2.997209229963875643e+01
3.509999999999856984e-02	2.996708954595031926e+01
3.519999999999856577e-02	2.995405341904683638e+01
3.529999999999856169e-02	2.995184920914157090e+01
3.539999999999855762e-02	2.995662724838324209e+01
3.549999999999855355e-02	2.996594247299286806e+01
3.559999999999854947e-02	2.996866067647310672e+01
3.569999999999854540e-02	2.996442432495924635e+01
3.579999999999854132e-02	2.995584759114147388e+01
3.589999999999853725e-02	2.993757356955567062e+01
3.599999999999853317e-02	2.992052138168774533e+01
3.609999999999852910e-02	2.991960622043384888e+01
3.619999999999852502e-02	2.992580034478117668e+01
3.629999999999852095e-02	2.992845451145705837e+01
3.639999999999851688e-02	2.993331539742364455e+01
3.649999999999851280e-02	2.993033816969969152e+01
3.659999999999850873e-02	2.992530990212234698e+01
3.669999999999850465e-02	2.991280771051947696e+01
3.679999999999850058e-02	2.990066370167370025e+01
3.689999999999849650e-02	2.989586199618373641e+01
3.699999999999849243e-02	2.989789883766280454e+01
3.709999999999848835e-02	2.990070969110453447e+01
3.719999999999848428e-02	2.990821280704458474e+01
3.729999999999848020e-02	2.991778697130740383e+01
3.739999999999847613e-02	2.993066129591320035e+01
3.749999999999847206e-02	2.994299686927312365e+01
3.759999999999846798e-02	2.996368254132350373e+01
3.769999999999846391e-02	2.998881803905669230e+01
3.779999999999845983e-02	3.001634848990137883e+01
3.789999999999845576e-02	3.005004304465074583e+01
3.799999999999845168e-02	3.008741556165796638e+01
3.809999999999844761e-02	3.012435099591382226e+01
3.819999999999844353e-02	3.016452471596957707e+01
3.829999999999843946e-02	3.021414601383589016e+01
3.839999999999843538e-02	3.027008754134318025e+01
3.849999999999843131e-02	3.033220950124170301e+01
3.859999999999842724e-02	3.039960367047217815e+01
3.869999999999842316e-02	3.046724374963065785e+01
3.879999999999841909e-02	3.053540748492840962e+01
3.889999999999841501e-02	3.060610874689517402e+01
3.899999999999841094e-02	3.067447782237507070e+01
3.909999999999840686e-02	3.074505657412608883e+01
3.919999999999840279e-02	3.082118759258860763e+01
3.929999999999839871e-02	3.090080877048668739e+01
3.939999999999839464e-02	3.097853998157146904e+01
3.949999999999839057e-02	3.105435287331944849e+01
3.959999999999838649e-02	3.112500785904055078e+01
3.969999999999838242e-02	3.119121643840729163e+01
3.979999999999837834e-02	3.125240112275431059e+01
3.989999999999837427e-02	3.131239949665764044e+01
3.999999999999837019e-02	3.137089028992757989e+01
4.009999999999836612e-02	3.142394708743138310e+01
4.019999999999836204e-02	3.147232304437250860e+01
4.029999999999835797e-02	3.151850981587655198e+01
4.039999999999835389e-02	3.156175362440201226e+01
4.049999999999834982e-02	3.160131946043755136e+01
4.059999999999834575e-02	3.163924998036015879e+01
4.069999999999834167e-02	3.167443542698064007e+01
4.079999999999833760e-02	3.170427122021279231e+01
4.089999999999833352e-02	3.172864157642910854e+01
4.099999999999832945e-02	3.175059783344295639e+01
4.109999999999832537e-02	3.177231913248461126e+01
4.119999999999832130e-02	3.179488100496532965e+01
4.129999999999831722e-02	3.181927892207104946e+01
4.139999999999831315e-02	3.184607752070324338e+01
4.149999999999830907e-02	3.187073528941190403e+01
4.159999999999830500e-02	3.189280596513829025e+01
4.169999999999830093e-02	3.191648554849811248e+01
4.179999999999829685e-02	3.194048137713469870e+01
4.189999999999829278e-02	3.196463659097522481e+01
4.199999999999828870e-02	3.198985220383497818e+01
4.209999999999828463e-02	3.201548181470493404e+01
4.219999999999828055e-02	3.204137134574477130e+01
4.229999999999827648e-02	3.206935502560865814e+01
4.239999999999827240e-02	3.209972383288823750e+01
4.249999999999826833e-02	3.213025327847030610e+01
4.259999999999826426e-02	3.216149039984340874e+01
4.269999999999826018e-02	3.219415704634889863e+01
4.279999999999825611e-02	3.222871658774672454e+01
4.289999999999825203e-02	3.226556300400130795e+01
4.299999999999824796e-02	3.230550554415247433e+01
4.309999999999824388e-02	3.234629353434315391e+01
4.319999999999823981e-02	3.238913209792997350e+01
4.329999999999823573e-02	3.243647038413971728e+01
4.339999999999823166e-02	3.248720935376275776e+01
4.349999999999822758e-02	3.254134483926030441e+01
4.359999999999822351e-02	3.260156439797844286e+01
4.369999999999821944e-02	3.266919761749424111e+01
4.379999999999821536e-02	3.273966884824168488e+01
4.389999999999821129e-02	3.281543688249961122e+01
4.399999999999820721e-02	3.290172218595271403e+01
4.409999999999820314e-02	3.300082796811503272e+01
4.419999999999819906e-02	3.311287063515239737e+01
4.429999999999819499e-02	3.324736599775379631e+01
4.439999999999819091e-02	3.341523271689982266e+01
4.449999999999818684e-02	3.363151096055069900e+01
4.459999999999818276e-02	3.392775565045104003e+01
4.469999999999817869e-02	3.435466475383870488e+01
4.479999999999817462e-02	3.500771647966038103e+01
4.489999999999817054e-02	3.604722251997089444e+01
4.499999999999816647e-02	3.775346058337289179e+01
4.509999999999816239e-02	4.061847978851064056e+01
4.519999999999815832e-02	4.550206186925161234e+01
4.529999999999815424e-02	5.385894177394019522e+01
4.539999999999815017e-02	6.382527147445915006e+01
4.549999999999814609e-02	7.385402790924246119e+01
4.559999999999814202e-02	8.153701617135524771e+01
4.569999999999813795e-02	8.629027198882141647e+01
4.579999999999813387e-02	8.578419011248261938e+01
4.589999999999812980e-02	8.486259781731533280e+01
4.599999999999812572e-02	8.320047645439225903e+01
4.609999999999812165e-02	8.174116142216685432e+01
4.619999999999811757e-02	8.073580917695514358e+01
4.629999999999811350e-02	8.049429646231763513e+01
4.639999999999810942e-02	8.016334960066906490e+01
4.649999999999810535e-02	7.899606736571097088e+01
4.659999999999810127e-02	7.840736581045980813e+01
4.669999999999809720e-02	7.762563102060968845e+01
4.679999999999809313e-02	7.689327736495441457e+01
4.689999999999808905e-02	7.625714030506605923e+01
4.699999999999808498e-02	7.543819082547611288e+01
4.709999999999808090e-02	7.479271509099380921e+01
4.719999999999807683e-02	7.402829602364658967e+01
4.729999999999807275e-02	7.329673536201758566e+01
4.739999999999806868e-02	7.232786409547499318e+01
4.749999999999806460e-02	7.154893906106589441e+01
4.759999999999806053e-02	7.093043325942817035e+01
4.769999999999805645e-02	7.041037144626585587e+01
4.779999999999805238e-02	6.943836505472846454e+01
4.789999999999804831e-02	6.873878690073487974e+01
4.799999999999804423e-02	6.797282370732085610e+01
4.809999999999804016e-02	6.714834612874449249e+01
4.819999999999803608e-02	6.627875103354433861e+01
4.829999999999803201e-02	6.556523515914467737e+01
4.839999999999802793e-02	6.489201583756150171e+01
4.849999999999802386e-02	6.424370054566855970e+01
4.859999999999801978e-02	6.338615488579220170e+01
4.869999999999801571e-02	6.267832499931044055e+01
4.879999999999801163e-02	6.198418850595743379e+01
4.889999999999800756e-02	6.124889652066147505e+01
4.899999999999800349e-02	6.072009048328236247e+01
4.909999999999799941e-02	6.013724203671598190e+01
4.919999999999799534e-02	5.948753455100664667e+01
4.929999999999799126e-02	5.893926216955597397e+01
4.939999999999798719e-02	5.843095139210014821e+01
4.949999999999798311e-02	5.780722079913438449e+01
4.959999999999797904e-02	5.725644717808935980e+01
4.969999999999797496e-02	5.665715477121106858e+01
4.979999999999797089e-02	5.612286849279693968e+01
4.989999999999796682e-02	5.560733804053358398e+01
4.999999999999796274e-02	5.503540522570325066e+01
5.009999999999795867e-02	5.451862191474801023e+01
5.019999999999795459e-02	5.403249012441474974e+01
5.029999999999795052e-02	5.356005630910222237e+01
5.039999999999794644e-02	5.310985206042104778e+01
5.049999999999794237e-02	5.265261390965155641e+01
5.059999999999793829e-02	5.217032898297635768e+01
5.069999999999793422e-02	5.169920680565486037e+01
5.079999999999793014e-02	5.120446503217091561e+01
5.089999999999792607e-02	5.077297276255833225e+01
5.099999999999792200e-02	5.033807028222451407e+01
5.109999999999791792e-02	4.985925362114126358e+01
5.119999999999791385e-02	4.946771477929581806e+01
5.129999999999790977e-02	4.908519095231834939e+01
5.139999999999790570e-02	4.871389882283249761e+01
5.149999999999790162e-02	4.835602631957768693e+01
5.159999999999789755e-02	4.798727667459696988e+01
5.169999999999789347e-02	4.761053613590379996e+01
5.179999999999788940e-02	4.726352910355218029e+01
5.189999999999788532e-02	4.690099934802071857e+01
5.199999999999788125e-02	4.656220922307922905e+01
5.209999999999787718e-02	4.623561682059391131e+01
5.219999999999787310e-02	4.589555317664690648e+01
5.229999999999786903e-02	4.558885106036760249e+01
5.239999999999786495e-02	4.528626351378826342e+01
5.249999999999786088e-02	4.498417644856041875e+01
5.259999999999785680e-02	4.469574292181221864e+01
5.269999999999785273e-02	4.442562855544060341e+01
5.279999999999784865e-02	4.416512751694331484e+01
5.289999999999784458e-02	4.389928036213035512e+01
5.299999999999784051e-02	4.364432571095637314e+01
5.309999999999783643e-02	4.340709142945532761e+01
5.319999999999783236e-02	4.316971426546972168e+01
5.329999999999782828e-02	4.293102239081162708e+01
5.339999999999782421e-02	4.270127728305541837e+01
5.349999999999782013e-02	4.247263430526199102e+01
5.359999999999781606e-02	4.225944300713057800e+01
5.369999999999781198e-02	4.206046779767173405e+01
5.379999999999780791e-02	4.185339628679633250e+01
5.389999999999780383e-02	4.164714854574236824e+01
5.399999999999779976e-02	4.144945074028237286e+01
5.409999999999779569e-02	4.125900026281183841e+01
5.419999999999779161e-02	4.108099091261620828e+01
5.429999999999778754e-02	4.090492416180926227e+01
5.439999999999778346e-02	4.073012679336682851e+01
5.449999999999777939e-02	4.056721326116138471e+01
5.459999999999777531e-02	4.040662747465309224e+01
5.469999999999777124e-02	4.024794725827899811e+01
5.479999999999776716e-02	4.009353076517686532e+01
5.489999999999776309e-02	3.994202607293073726e+01
5.499999999999775901e-02	3.980335518994821342e+01
5.509999999999775494e-02	3.967449787937850658e+01
5.519999999999775087e-02	3.955037344819469780e+01
5.529999999999774679e-02	3.942191537221856379e+01
5.539999999999774272e-02	3.929589142428791604e+01
5.549999999999773864e-02	3.917206625827452626e+01
5.559999999999773457e-02	3.905759793632526566e+01
5.569999999999773049e-02	3.894525461128272781e+01
5.579999999999772642e-02	3.883673947137268812e+01
5.589999999999772234e-02	3.873788680699124143e+01
5.599999999999771827e-02	3.865463476221047046e+01
5.609999999999771420e-02	3.857567621073624764e+01
5.619999999999771012e-02	3.849428583074396926e+01
5.629999999999770605e-02	3.841851153841503930e+01
5.639999999999770197e-02	3.835120012745546347e+01
5.649999999999769790e-02	3.829024491687088272e+01
5.659999999999769382e-02	3.823562536630751652e+01
5.669999999999768975e-02	3.818181129711190636e+01
5.679999999999768567e-02	3.813131515956442286e+01
5.689999999999768160e-02	3.809007384032000232e+01
5.699999999999767752e-02	3.805375545721048525e+01
5.709999999999767345e-02	3.801989174507209412e+01
5.719999999999766938e-02	3.798958476713350763e+01
5.729999999999766530e-02	3.796367000334281983e+01
5.739999999999766123e-02	3.794032876730025805e+01
5.749999999999765715e-02	3.792094026765131076e+01
5.759999999999765308e-02	3.790387511775896456e+01
5.769999999999764900e-02	3.788798216557368193e+01
5.779999999999764493e-02	3.787730830102244539e+01
5.789999999999764085e-02	3.787264938393906277e+01
5.799999999999763678e-02	3.787029417577441137e+01
5.809999999999763270e-02	3.786568466628816765e+01
5.819999999999762863e-02	3.786349882579106207e+01
5.829999999999762456e-02	3.786617546457322447e+01
5.839999999999762048e-02	3.786946981092054898e+01
5.849999999999761641e-02	3.787393459792466643e+01
5.859999999999761233e-02	3.788003319659273416e+01
5.869999999999760826e-02	3.789099244349717566e+01
5.879999999999760418e-02	3.790767380464066605e+01
5.889999999999760011e-02	3.792738750974966422e+01
5.899999999999759603e-02	3.794641356612690686e+01
5.909999999999759196e-02	3.796635755435964654e+01
5.919999999999758789e-02	3.798992569184660795e+01
5.929999999999758381e-02	3.801971675516763582e+01
5.939999999999757974e-02	3.805084929270776684e+01
5.949999999999757566e-02	3.808371242247212507e+01
5.959999999999757159e-02	3.811952786724462072e+01
5.969999999999756751e-02	3.815823126360202622e+01
5.979999999999756344e-02	3.819807733543604655e+01
5.989999999999755936e-02	3.823975689473289208e+01
5.999999999999755529e-02	3.828318257290626292e+01
6.009999999999755121e-02	3.832598035328687303e+01
6.019999999999754714e-02	3.837228606731814295e+01
6.029999999999754307e-02	3.842030130906644558e+01
6.039999999999753899e-02	3.846465776915297852e+01
6.049999999999753492e-02	3.850905516710074750e+01
6.059999999999753084e-02	3.855745662873918889e+01
6.069999999999752677e-02	3.860897726568587274e+01
6.079999999999752269e-02	3.865966883167764223e+01
6.089999999999751862e-02	3.870597611998950072e+01
6.099999999999751454e-02	3.874908426241563575e+01
6.109999999999751047e-02	3.879279168766630193e+01
6.119999999999750639e-02	3.883692696605542949e+01
6.129999999999750232e-02	3.888125189536755499e+01
6.139999999999749825e-02	3.892527922766678472e+01
6.149999999999749417e-02	3.897091921850835661e+01
6.159999999999749010e-02	3.901713102002081257e+01
6.169999999999748602e-02	3.906378947790079792e+01
6.179999999999748195e-02	3.911136656236678277e+01
6.189999999999747787e-02	3.915966446191238504e+01
6.199999999999747380e-02	3.921117704521201119e+01
6.209999999999746972e-02	3.926490171644019966e+01
6.219999999999746565e-02	3.931894421444462040e+01
6.229999999999746157e-02	3.936935666869369044e+01
6.239999999999745750e-02	3.941784118024207118e+01
6.249999999999745343e-02	3.946828439373001629e+01
6.259999999999744935e-02	3.951937070257444162e+01
6.269999999999745222e-02	3.957230783162601284e+01
6.279999999999744120e-02	3.962367369769314251e+01
6.289999999999743019e-02	3.967329591926065291e+01
6.299999999999743305e-02	3.972289116115448593e+01
6.309999999999743592e-02	3.977292303000903217e+01
6.319999999999742490e-02	3.982473149862348549e+01
6.329999999999741389e-02	3.987624335045667578e+01
6.339999999999741676e-02	3.992821339847074569e+01
6.349999999999741962e-02	3.998025430438431016e+01
6.359999999999740861e-02	4.002837675726972577e+01
6.369999999999739759e-02	4.007308447069458879e+01
6.379999999999740046e-02	4.011727115109217578e+01
6.389999999999740332e-02	4.016490849551778552e+01
6.399999999999739231e-02	4.021536140517790869e+01
6.409999999999738129e-02	4.026620670386239453e+01
6.419999999999738416e-02	4.031444186586443834e+01
6.429999999999738702e-02	4.035903506954319653e+01
6.439999999999737601e-02	4.040382270606831838e+01
6.449999999999736500e-02	4.044647532680563984e+01
6.459999999999736786e-02	4.049042411505708827e+01
6.469999999999737073e-02	4.053646924666907836e+01
6.479999999999735971e-02	4.058190321652702437e+01
6.489999999999734870e-02	4.062709526744949784e+01
6.499999999999735156e-02	4.067270897479765779e+01
6.509999999999735443e-02	4.071910907159574577e+01
6.519999999999734341e-02	4.076479098510904464e+01
6.529999999999733240e-02	4.081096583858889204e+01
6.539999999999733526e-02	4.085949734067465755e+01
6.549999999999733813e-02	4.090587833954759134e+01
6.559999999999732712e-02	4.094932775355941601e+01
6.569999999999731610e-02	4.099245233107122743e+01
6.579999999999731897e-02	4.103719689548351823e+01
6.589999999999732183e-02	4.108277478456136578e+01
6.599999999999731082e-02	4.112701202919428312e+01
6.609999999999729980e-02	4.117073940258412534e+01
6.619999999999730267e-02	4.121465828109050022e+01
6.629999999999730553e-02	4.125946499457477046e+01
6.639999999999729452e-02	4.130162328190007770e+01
6.649999999999728351e-02	4.134529150624913285e+01
6.659999999999728637e-02	4.138952626217748332e+01
6.669999999999728924e-02	4.143240562373199509e+01
6.679999999999727822e-02	4.147802269930305386e+01
6.689999999999726721e-02	4.152446509035836186e+01
6.699999999999727007e-02	4.156986020339103050e+01
6.709999999999727294e-02	4.161293026074627477e+01
6.719999999999726192e-02	4.165459263406039980e+01
6.729999999999725091e-02	4.169685055106494076e+01
6.739999999999725377e-02	4.173809457130438716e+01
6.749999999999725664e-02	4.177948373380539948e+01
6.759999999999724563e-02	4.182342258169911275e+01
6.769999999999723461e-02	4.186836988706985352e+01
6.779999999999723748e-02	4.191174623389335352e+01
6.789999999999724034e-02	4.195242950304081830e+01
6.799999999999722933e-02	4.199266283879761374e+01
6.809999999999721831e-02	4.203351377916084175e+01
6.819999999999722118e-02	4.207486506456087483e+01
6.829999999999722404e-02	4.211762550996795795e+01
6.839999999999721303e-02	4.216036444640900527e+01
6.849999999999720202e-02	4.220072910265923838e+01
6.859999999999720488e-02	4.223927976554647756e+01
6.869999999999720774e-02	4.227870188517226779e+01
6.879999999999719673e-02	4.232071437931195135e+01
6.889999999999718572e-02	4.236574719574296211e+01
6.899999999999718858e-02	4.241151424319383523e+01
6.909999999999719145e-02	4.245555015191041548e+01
6.919999999999718043e-02	4.249911040632409964e+01
6.929999999999716942e-02	4.254122354577931020e+01
6.939999999999717228e-02	4.258464170107397706e+01
6.949999999999717515e-02	4.262928955490082927e+01
6.959999999999716414e-02	4.267750227319160672e+01
6.969999999999715312e-02	4.272591785880194237e+01
6.979999999999715599e-02	4.277104564606163706e+01
6.989999999999715885e-02	4.281142264702192080e+01
6.999999999999714784e-02	4.285095347381035680e+01
7.009999999999713682e-02	4.288896804636993920e+01
7.019999999999713969e-02	4.292669173044674835e+01
7.029999999999714255e-02	4.296470731946394750e+01
7.039999999999713154e-02	4.300438797420687109e+01
7.049999999999712053e-02	4.304565667958150499e+01
7.059999999999712339e-02	4.308711522275253714e+01
7.069999999999712625e-02	4.313022612459814553e+01
7.079999999999711524e-02	4.317303201343182906e+01
7.089999999999710423e-02	4.321767667858352269e+01
7.099999999999710709e-02	4.326110372916640756e+01
7.109999999999710996e-02	4.330128454844579977e+01
7.119999999999709894e-02	4.333790693272801775e+01
7.129999999999708793e-02	4.337327459225170401e+01
7.139999999999709079e-02	4.341249685725399843e+01
7.149999999999709366e-02	4.345162077557676383e+01
7.159999999999708264e-02	4.348661197351775343e+01
7.169999999999707163e-02	4.352052328270453785e+01
7.179999999999707450e-02	4.355342739641822902e+01
7.189999999999707736e-02	4.358523692601682598e+01
7.199999999999706635e-02	4.361819186869885812e+01
7.209999999999705533e-02	4.365119295982533743e+01
7.219999999999705820e-02	4.368324556311051765e+01
7.229999999999706106e-02	4.371316539299650117e+01
7.239999999999705005e-02	4.374063861656742347e+01
7.249999999999703904e-02	4.376504611297296066e+01
7.259999999999704190e-02	4.378643596782826108e+01
7.269999999999704476e-02	4.380953088843347842e+01
7.279999999999703375e-02	4.383413206303166021e+01
7.289999999999702274e-02	4.385700853987427195e+01
7.299999999999702560e-02	4.387729109102117064e+01
7.309999999999702847e-02	4.389555790143377578e+01
7.319999999999701745e-02	4.391185898913720820e+01
7.329999999999700644e-02	4.392578560526465026e+01
7.339999999999700930e-02	4.393856417588837360e+01
7.349999999999701217e-02	4.395180386068523148e+01
7.359999999999700115e-02	4.396499196660076336e+01
7.369999999999699014e-02	4.397618306614626249e+01
7.379999999999699301e-02	4.398427843037591600e+01
7.389999999999699587e-02	4.399006456078729599e+01
7.399999999999698486e-02	4.399325938095000055e+01
7.409999999999697384e-02	4.399681041306844520e+01
7.419999999999697671e-02	4.399791660509374225e+01
7.429999999999697957e-02	4.399564806717745569e+01
7.439999999999696856e-02	4.399118754198700287e+01
7.449999999999695754e-02	4.398482341868142242e+01
7.459999999999696041e-02	4.397565425243723070e+01
7.469999999999696327e-02	4.396464409743420276e+01
7.479999999999695226e-02	4.395457885741166848e+01
7.489999999999694125e-02	4.394589667859931126e+01
7.499999999999694411e-02	4.393574476980899135e+01
7.509999999999694698e-02	4.392310119563322957e+01
7.519999999999693596e-02	4.390949173412759876e+01
7.529999999999692495e-02	4.389590336908027268e+01
7.539999999999692781e-02	4.388270332187455125e+01
7.549999999999693068e-02	4.386713874002843738e+01
7.559999999999691966e-02	4.385126983790910060e+01
7.569999999999690865e-02	4.383374805080863723e+01
7.579999999999691151e-02	4.381780266434407167e+01
7.589999999999691438e-02	4.380056366856486960e+01
7.599999999999690337e-02	4.378374053910541619e+01
7.609999999999689235e-02	4.376487107633879248e+01
7.619999999999689522e-02	4.374586533575851632e+01
7.629999999999689808e-02	4.372496440212021440e+01
7.639999999999688707e-02	4.370147699692142140e+01
7.649999999999687605e-02	4.367705197307507348e+01
7.659999999999687892e-02	4.365307709485480814e+01
7.669999999999688178e-02	4.362683932968715084e+01
7.679999999999687077e-02	4.359947182217381112e+01
7.689999999999685976e-02	4.356969811758592925e+01
7.699999999999686262e-02	4.354200666458235958e+01
7.709999999999686549e-02	4.351482205435119965e+01
7.719999999999685447e-02	4.348815742599036582e+01
7.729999999999684346e-02	4.345912171667666257e+01
7.739999999999684632e-02	4.342882746638963454e+01
7.749999999999684919e-02	4.339581705905611386e+01
7.759999999999683817e-02	4.336203427803891941e+01
7.769999999999682716e-02	4.332751513722492831e+01
7.779999999999683002e-02	4.329409505866274088e+01
7.789999999999683289e-02	4.326184523682427852e+01
7.799999999999682188e-02	4.322828152251707223e+01
7.809999999999681086e-02	4.319298521516218869e+01
7.819999999999681373e-02	4.315942483502027471e+01
7.829999999999681659e-02	4.312633677476912908e+01
7.839999999999680558e-02	4.309753006701927802e+01
7.849999999999679456e-02	4.306972941103401809e+01
7.859999999999679743e-02	4.304036517559895714e+01
7.869999999999680029e-02	4.300917067827725759e+01
7.879999999999678928e-02	4.297888250609531724e+01
7.889999999999677827e-02	4.294998287624597566e+01
7.899999999999678113e-02	4.292274709708555491e+01
7.909999999999678399e-02	4.289794163838822527e+01
7.919999999999677298e-02	4.287287080080220392e+01
7.929999999999676197e-02	4.284638080124583581e+01
7.939999999999676483e-02	4.281852476272720054e+01
7.949999999999676770e-02	4.278963853457263156e+01
7.959999999999675668e-02	4.276221722240844514e+01
7.969999999999674567e-02	4.273544632820799904e+01
7.979999999999674853e-02	4.271081426523052471e+01
7.989999999999675140e-02	4.268578222303074199e+01
7.999999999999674039e-02	4.265967639206230899e+01
8.009999999999672937e-02	4.263231081596304506e+01
8.019999999999673224e-02	4.260576788190238062e+01
8.029999999999673510e-02	4.257987498818188499e+01
8.039999999999672409e-02	4.255593125280905298e+01
8.049999999999671307e-02	4.253464366116681106e+01
8.059999999999671594e-02	4.251564728716128627e+01
8.069999999999671880e-02	4.249475602750833758e+01
8.079999999999670779e-02	4.247392114242116889e+01
8.089999999999669678e-02	4.245288406636107226e+01
8.099999999999669964e-02	4.243200136000357503e+01
8.109999999999670250e-02	4.241094296729686874e+01
8.119999999999669149e-02	4.239261354232800727e+01
8.129999999999668048e-02	4.237370594156546133e+01
8.139999999999668334e-02	4.235674223893433066e+01
8.149999999999668621e-02	4.234036585503238825e+01
8.159999999999667519e-02	4.232481910292041505e+01
8.169999999999666418e-02	4.230883303134404372e+01
8.179999999999666704e-02	4.229390178870693973e+01
8.189999999999666991e-02	4.228078932624363517e+01
8.199999999999665889e-02	4.226945454864276996e+01
8.209999999999664788e-02	4.225969218855507847e+01
8.219999999999665075e-02	4.224921539210683363e+01
8.229999999999665361e-02	4.223832174457458422e+01
8.239999999999664260e-02	4.222639021565127848e+01
8.249999999999663158e-02	4.221417846352804304e+01
8.259999999999663445e-02	4.220026774090342059e+01
8.269999999999663731e-02	4.218787622784535074e+01
8.279999999999662630e-02	4.217742934660273590e+01
8.289999999999661529e-02	4.216667671772481185e+01
8.299999999999661815e-02	4.215517555893472235e+01
8.309999999999662101e-02	4.214309084889233503e+01
8.319999999999661000e-02	4.213380447144782437e+01
8.329999999999659899e-02	4.212482464047791098e+01
8.339999999999660185e-02	4.211564971987839101e+01
8.349999999999660472e-02	4.210746034621576683e+01
8.359999999999659370e-02	4.210010151309696624e+01
8.369999999999658269e-02	4.209192452248009175e+01
8.379999999999658555e-02	4.208184386681254807e+01
8.389999999999658842e-02	4.207182505291309838e+01
8.399999999999657740e-02	4.206361319664220844e+01
8.409999999999656639e-02	4.205345218727235590e+01
8.419999999999656926e-02	4.204405909168895761e+01
8.429999999999657212e-02	4.203474105570367669e+01
8.439999999999656111e-02	4.202625303332649764e+01
8.449999999999655009e-02	4.201632765194631958e+01
8.459999999999655296e-02	4.200500131019877870e+01
8.469999999999655582e-02	4.199620199458799874e+01
8.479999999999654481e-02	4.198845750380880304e+01
8.489999999999653379e-02	4.197955585229792064e+01
8.499999999999653666e-02	4.196889549093607030e+01
8.509999999999653952e-02	4.195828092500133266e+01
8.519999999999652851e-02	4.194656795644976199e+01
8.529999999999651750e-02	4.193437590808456861e+01
8.539999999999652036e-02	4.192298021934170293e+01
8.549999999999652323e-02	4.191183479697303937e+01
8.559999999999651221e-02	4.189882726321350503e+01
8.569999999999650120e-02	4.188456499333130267e+01
8.579999999999650406e-02	4.186992918444289558e+01
8.589999999999650693e-02	4.185638183461786355e+01
8.599999999999649591e-02	4.184437556880537556e+01
8.609999999999648490e-02	4.183298618301538596e+01
8.619999999999648777e-02	4.182027706272205592e+01
8.629999999999649063e-02	4.180572992447162051e+01
8.639999999999647962e-02	4.178798866341900720e+01
8.649999999999646860e-02	4.176979424631931437e+01
8.659999999999647147e-02	4.175493841728209787e+01
8.669999999999647433e-02	4.174414129497834125e+01
8.679999999999646332e-02	4.173314480756522471e+01
8.689999999999645230e-02	4.172231775566696399e+01
8.699999999999645517e-02	4.170646683224313733e+01
8.709999999999645803e-02	4.168902011783745110e+01
8.719999999999644702e-02	4.167413245232565799e+01
8.729999999999643601e-02	4.166087886194480205e+01
8.739999999999643887e-02	4.164763317760336037e+01
8.749999999999644174e-02	4.163403285673893350e+01
8.759999999999643072e-02	4.161900378684366331e+01
8.769999999999641971e-02	4.160110960041709660e+01
8.779999999999642257e-02	4.158258053588406256e+01
8.789999999999642544e-02	4.156702317380980816e+01
8.799999999999641442e-02	4.155269908851272476e+01
8.809999999999640341e-02	4.153874618654406703e+01
8.819999999999640627e-02	4.152435041237743008e+01
8.829999999999640914e-02	4.150847132114054716e+01
8.839999999999639813e-02	4.149296697863874783e+01
8.849999999999638711e-02	4.147890139048757163e+01
8.859999999999638998e-02	4.146746592026915579e+01
8.869999999999639284e-02	4.145747278489363907e+01
8.879999999999638183e-02	4.144702656496108517e+01
8.889999999999637081e-02	4.143551555593030855e+01
8.899999999999637368e-02	4.142198996498468944e+01
8.909999999999637654e-02	4.140737873834697780e+01
8.919999999999636553e-02	4.139216222039550530e+01
8.929999999999635452e-02	4.137976752570099848e+01
8.939999999999635738e-02	4.137088429683483781e+01
8.949999999999636024e-02	4.136118951978117764e+01
8.959999999999634923e-02	4.135095321809745883e+01
8.969999999999633822e-02	4.133930150962872574e+01
8.979999999999634108e-02	4.132914709379263485e+01
8.989999999999634395e-02	4.131930721155088548e+01
8.999999999999633293e-02	4.131193662094592867e+01
9.009999999999632192e-02	4.130341293514746326e+01
9.019999999999632478e-02	4.129460025242854471e+01
9.029999999999632765e-02	4.128777075487540316e+01
9.039999999999631664e-02	4.128074937000003075e+01
9.049999999999630562e-02	4.127218357900817125e+01
9.059999999999630849e-02	4.126554499235242446e+01
9.069999999999631135e-02	4.125923872366671219e+01
9.079999999999630034e-02	4.125338227139163649e+01
9.089999999999628932e-02	4.124976327912609264e+01
9.099999999999629219e-02	4.124753322243017095e+01
9.109999999999629505e-02	4.124566350402373160e+01
9.119999999999628404e-02	4.124524995098361302e+01
9.129999999999627303e-02	4.124696801930461021e+01
9.139999999999627589e-02	4.124999448696545556e+01
9.149999999999627875e-02	4.125116358875724387e+01
9.159999999999626774e-02	4.125152974931523886e+01
9.169999999999625673e-02	4.125221832519905973e+01
9.179999999999625959e-02	4.125607286992890721e+01
9.189999999999626246e-02	4.126181313740985246e+01
9.199999999999625144e-02	4.126742195876233410e+01
9.209999999999624043e-02	4.127334661077045297e+01
9.219999999999624329e-02	4.128058739549199174e+01
9.229999999999624616e-02	4.128823960817604899e+01
9.239999999999623514e-02	4.129672704282129558e+01
9.249999999999622413e-02	4.130739011472977751e+01
9.259999999999622700e-02	4.131828040154562842e+01
9.269999999999622986e-02	4.133018862811017868e+01
9.279999999999621885e-02	4.134219691308473443e+01
9.289999999999620783e-02	4.135293483268866055e+01
9.299999999999621070e-02	4.136663503872670589e+01
9.309999999999621356e-02	4.137951643559471648e+01
9.319999999999620255e-02	4.139149618438620593e+01
9.329999999999619154e-02	4.140317221771915257e+01
9.339999999999619440e-02	4.141754420983068741e+01
9.349999999999619726e-02	4.143353442725751279e+01
9.359999999999618625e-02	4.145087193832641503e+01
9.369999999999617524e-02	4.146899296365641163e+01
9.379999999999617810e-02	4.148538945372075659e+01
9.389999999999618097e-02	4.149804993894188954e+01
9.399999999999616995e-02	4.151205913898154165e+01
9.409999999999615894e-02	4.152826622979786464e+01
9.419999999999616180e-02	4.154647757657591001e+01
9.429999999999616467e-02	4.156517334009411968e+01
9.439999999999615365e-02	4.158445224746581914e+01
9.449999999999614264e-02	4.160165217694999029e+01
9.459999999999614551e-02	4.161754400598263004e+01
9.469999999999614837e-02	4.163245257983175662e+01
9.479999999999613736e-02	4.164529398517044001e+01
9.489999999999612634e-02	4.165933336548178545e+01
9.499999999999612921e-02	4.167456180594319193e+01
9.509999999999613207e-02	4.168989582164209651e+01
9.519999999999612106e-02	4.170793187068461805e+01
9.529999999999611004e-02	4.172512873190805038e+01
9.539999999999611291e-02	4.174000489327697494e+01
9.549999999999611577e-02	4.175427328546319217e+01
9.559999999999610476e-02	4.176867825006068102e+01
9.569999999999609375e-02	4.178441493447016342e+01
9.579999999999609661e-02	4.180126208478350947e+01
9.589999999999609948e-02	4.181576721687456200e+01
9.599999999999608846e-02	4.182828824432716885e+01
9.609999999999607745e-02	4.184058891774383682e+01
9.619999999999608031e-02	4.185250561089358712e+01
9.629999999999608318e-02	4.186684152789668190e+01
9.639999999999607216e-02	4.188226568523098337e+01
9.649999999999606115e-02	4.189528248106071118e+01
9.659999999999606402e-02	4.190599720395650962e+01
9.669999999999606688e-02	4.191608812813652918e+01
9.679999999999605587e-02	4.192837083909557094e+01
9.689999999999604485e-02	4.194168679171097835e+01
9.699999999999604772e-02	4.195383864545884478e+01
9.709999999999605058e-02	4.196390128955152221e+01
9.719999999999603957e-02	4.197166804885465297e+01
9.729999999999602855e-02	4.198021703735650334e+01
9.739999999999603142e-02	4.198756932610308468e+01
9.749999999999603428e-02	4.199519773366793629e+01
9.759999999999602327e-02	4.200284550824682128e+01
9.769999999999601226e-02	4.201027242920940097e+01
9.779999999999601512e-02	4.201858977507210113e+01
9.789999999999601799e-02	4.202693903794479269e+01
9.799999999999600697e-02	4.203314339013745382e+01
9.809999999999599596e-02	4.203653158014207492e+01
9.819999999999599882e-02	4.203933379929117820e+01
9.829999999999600169e-02	4.204304851413188260e+01
9.839999999999599067e-02	4.204504600020436555e+01
9.849999999999597966e-02	4.204732689072034901e+01
9.859999999999598252e-02	4.204865165450570430e+01
9.869999999999598539e-02	4.204866057676947122e+01
9.879999999999597438e-02	4.204930380903292075e+01
9.889999999999596336e-02	4.205115485097547179e+01
9.899999999999596623e-02	4.205211300362456228e+01
9.909999999999596909e-02	4.205086265323722472e+01
9.919999999999595808e-02	4.204835889826794926e+01
9.929999999999594706e-02	4.204486448988311054e+01
9.939999999999594993e-02	4.204281502527945236e+01
9.949999999999595279e-02	4.204225930588375348e+01
9.959999999999594178e-02	4.204037343843673824e+01
9.969999999999593077e-02	4.203907433553388984e+01
9.979999999999593363e-02	4.203656513289798369e+01
9.989999999999593649e-02	4.203404618222282352e+01
9.999999999999592548e-02	4.203234628685597585e+01
1.000999999999959145e-01	4.203036525078527319e+01
1.001999999999959173e-01	4.202654043865722855e+01
1.002999999999959202e-01	4.202268022482761012e+01
1.003999999999959092e-01	4.201996465643804157e+01
1.004999999999958982e-01	4.201810373765463424e+01
1.005999999999959010e-01	4.201779007627391138e+01
1.006999999999959039e-01	4.201806861709869167e+01
1.007999999999958929e-01	4.201710512999098768e+01
1.008999999999958819e-01	4.201522730900277480e+01
1.009999999999958847e-01	4.201386906160294643e+01
1.010999999999958876e-01	4.201377534010195092e+01
1.011999999999958766e-01	4.201477352255228936e+01
1.012999999999958656e-01	4.201380072895735651e+01
1.013999999999958684e-01	4.201206964728994819e+01
1.014999999999958713e-01	4.201129418657015435e+01
1.015999999999958603e-01	4.201245531417241352e+01
1.016999999999958493e-01	4.201325877449115609e+01
1.017999999999958521e-01	4.201457081243658820e+01
1.018999999999958550e-01	4.201785039944870448e+01
1.019999999999958440e-01	4.202257779666533821e+01
1.020999999999958330e-01	4.202476277068561927e+01
1.021999999999958358e-01	4.202398952568471202e+01
1.022999999999958387e-01	4.202603218666852314e+01
1.023999999999958277e-01	4.202949732678300165e+01
1.024999999999958167e-01	4.203696200173632747e+01
1.025999999999958195e-01	4.204505263167833817e+01
1.026999999999958224e-01	4.205052267237537222e+01
1.027999999999958114e-01	4.205407442250064776e+01
1.028999999999958004e-01	4.205697866464228696e+01
1.029999999999958032e-01	4.206146851600198033e+01
1.030999999999958061e-01	4.206854421052634052e+01
1.031999999999957951e-01	4.207595290742046501e+01
1.032999999999957841e-01	4.208184399660345321e+01
1.033999999999957869e-01	4.208529325756817485e+01
1.034999999999957898e-01	4.208860483380246365e+01
1.035999999999957788e-01	4.209063400483604056e+01
1.036999999999957678e-01	4.209613422269045202e+01
1.037999999999957706e-01	4.210335100255430518e+01
1.038999999999957735e-01	4.211258099760782159e+01
1.039999999999957625e-01	4.212228100203530090e+01
1.040999999999957515e-01	4.213304850640814436e+01
1.041999999999957544e-01	4.214266523437560608e+01
1.042999999999957572e-01	4.215262114533309301e+01
1.043999999999957462e-01	4.216350614308881006e+01
1.044999999999957352e-01	4.217494012317605723e+01
1.045999999999957381e-01	4.218564818747607603e+01
1.046999999999957409e-01	4.219521625156247069e+01
1.047999999999957299e-01	4.220478329601675682e+01
1.048999999999957189e-01	4.221494838167761543e+01
1.049999999999957218e-01	4.222609551981518905e+01
1.050999999999957246e-01	4.223945495392499794e+01
1.051999999999957136e-01	4.225272444115945092e+01
1.052999999999957026e-01	4.226460778772573690e+01
1.053999999999957055e-01	4.227615234093364904e+01
1.054999999999957083e-01	4.228615383047052489e+01
1.055999999999956973e-01	4.229538998591742427e+01
1.056999999999956863e-01	4.230735488824165458e+01
1.057999999999956892e-01	4.231909245088746729e+01
1.058999999999956920e-01	4.232955997752958410e+01
1.059999999999956810e-01	4.234000220811727644e+01
1.060999999999956700e-01	4.234820164880255078e+01
1.061999999999956729e-01	4.235526163736700056e+01
1.062999999999956757e-01	4.236231766207070848e+01
1.063999999999956647e-01	4.236960096628043715e+01
1.064999999999956537e-01	4.237780416203818845e+01
1.065999999999956566e-01	4.238564080519617505e+01
1.066999999999956594e-01	4.239148831254139083e+01
1.067999999999956484e-01	4.239515003274912885e+01
1.068999999999956374e-01	4.240009894204216323e+01
1.069999999999956403e-01	4.240633754291275892e+01
1.070999999999956431e-01	4.241226275511692023e+01
1.071999999999956321e-01	4.241684222721630704e+01
1.072999999999956211e-01	4.242095529875636117e+01
1.073999999999956240e-01	4.242613859356826822e+01
1.074999999999956268e-01	4.242813479624926742e+01
1.075999999999956158e-01	4.242888538279387234e+01
1.076999999999956048e-01	4.242839569537505184e+01
1.077999999999956077e-01	4.242729877928502447e+01
1.078999999999956105e-01	4.242561807158018894e+01
1.079999999999955995e-01	4.242551243263893213e+01
1.080999999999955885e-01	4.242576449984839115e+01
1.081999999999955914e-01	4.242509472644935187e+01
1.082999999999955942e-01	4.242326324789296166e+01
1.083999999999955832e-01	4.242085002737101718e+01
1.084999999999955722e-01	4.241919523959787597e+01
1.085999999999955751e-01	4.241686836213016676e+01
1.086999999999955779e-01	4.241480341868979309e+01
1.087999999999955669e-01	4.241073076904475414e+01
1.088999999999955559e-01	4.240650632407498932e+01
1.089999999999955588e-01	4.240076787750268039e+01
1.090999999999955616e-01	4.239253193436222489e+01
1.091999999999955506e-01	4.238215921867411140e+01
1.092999999999955396e-01	4.237341486359536447e+01
1.093999999999955425e-01	4.236642724018395256e+01
1.094999999999955453e-01	4.235986813268171858e+01
1.095999999999955343e-01	4.235361367193357296e+01
1.096999999999955233e-01	4.234571486500725968e+01
1.097999999999955262e-01	4.233620729040798381e+01
1.098999999999955290e-01	4.232719572015849963e+01
1.099999999999955180e-01	4.231913358229886057e+01
1.100999999999955070e-01	4.231004910335963132e+01
1.101999999999955099e-01	4.230031850806888372e+01
1.102999999999955127e-01	4.228815865590458145e+01
1.103999999999955017e-01	4.227650795937829287e+01
1.104999999999954907e-01	4.226553971410428545e+01
1.105999999999954936e-01	4.225470248720936439e+01
1.106999999999954964e-01	4.224404580172787860e+01
1.107999999999954854e-01	4.223298868997876099e+01
1.108999999999954744e-01	4.222012221044860780e+01
1.109999999999954773e-01	4.220540696531566027e+01
1.110999999999954801e-01	4.218945263366595100e+01
1.111999999999954691e-01	4.217528746435401388e+01
1.112999999999954581e-01	4.216390541985973073e+01
1.113999999999954610e-01	4.215458679367824857e+01
1.114999999999954639e-01	4.214191280258246763e+01
1.115999999999954528e-01	4.212869648712741366e+01
1.116999999999954418e-01	4.211571109437279858e+01
1.117999999999954447e-01	4.210363766538051067e+01
1.118999999999954476e-01	4.209252628358098747e+01
1.119999999999954365e-01	4.208382050531125174e+01
1.120999999999954255e-01	4.207565905150297425e+01
1.121999999999954284e-01	4.206642511469091517e+01
1.122999999999954313e-01	4.205572069872642516e+01
1.123999999999954202e-01	4.204467975815116887e+01
1.124999999999954092e-01	4.203326744176160901e+01
1.125999999999954121e-01	4.202256055755630371e+01
1.126999999999954150e-01	4.201187449411443708e+01
1.127999999999954039e-01	4.200206274978330612e+01
1.128999999999953929e-01	4.198941275417979568e+01
1.129999999999953958e-01	4.197824197202272245e+01
1.130999999999953987e-01	4.196757153232697846e+01
1.131999999999953876e-01	4.195964084653552106e+01
1.132999999999953766e-01	4.195445508739729945e+01
1.133999999999953795e-01	4.194865615834132200e+01
1.134999999999953824e-01	4.194137622681331123e+01
1.135999999999953713e-01	4.193337068446466276e+01
1.136999999999953603e-01	4.192371036752146551e+01
1.137999999999953632e-01	4.191506202731250852e+01
1.138999999999953661e-01	4.190913866102618357e+01
1.139999999999953550e-01	4.190482475075030067e+01
1.140999999999953440e-01	4.190147227864040502e+01
1.141999999999953469e-01	4.189395899313515059e+01
1.142999999999953498e-01	4.188545978729730734e+01
1.143999999999953388e-01	4.187963633196682167e+01
1.144999999999953277e-01	4.187517302560928556e+01
1.145999999999953306e-01	4.187118452196140339e+01
1.146999999999953335e-01	4.186741236854908976e+01
1.147999999999953225e-01	4.186428350853138625e+01
1.148999999999953114e-01	4.186093930124570051e+01
1.149999999999953143e-01	4.185652308497103746e+01
1.150999999999953172e-01	4.185201068967781879e+01
1.151999999999953062e-01	4.184929814149931815e+01
1.152999999999952951e-01	4.184856461986384346e+01
1.153999999999952980e-01	4.184833366401534960e+01
1.154999999999953009e-01	4.184840799940038636e+01
1.155999999999952899e-01	4.184741608251816558e+01
1.156999999999952788e-01	4.184497974562148670e+01
1.157999999999952817e-01	4.184280077749193794e+01
1.158999999999952846e-01	4.184162000112335988e+01
1.159999999999952736e-01	4.183961611684188853e+01
1.160999999999952625e-01	4.183895172004373109e+01
1.161999999999952654e-01	4.183641841206260636e+01
1.162999999999952683e-01	4.183401988005066130e+01
1.163999999999952573e-01	4.183213982447486501e+01
1.164999999999952462e-01	4.183008498882122694e+01
1.165999999999952491e-01	4.182810070378742040e+01
1.166999999999952520e-01	4.182583460150860333e+01
1.167999999999952410e-01	4.182452219307385377e+01
1.168999999999952299e-01	4.182114013465185565e+01
1.169999999999952328e-01	4.181810998817950065e+01
1.170999999999952357e-01	4.181476001503484952e+01
1.171999999999952247e-01	4.181065615503082711e+01
1.172999999999952137e-01	4.180724331071051125e+01
1.173999999999952165e-01	4.180310825140880837e+01
1.174999999999952194e-01	4.180109738591632862e+01
1.175999999999952084e-01	4.179806520505582768e+01
1.176999999999951974e-01	4.179325624112639304e+01
1.177999999999952002e-01	4.178855919960583520e+01
1.178999999999952031e-01	4.178021181279289920e+01
1.179999999999951921e-01	4.177286363086066956e+01
1.180999999999951811e-01	4.176632612901654795e+01
1.181999999999951839e-01	4.176303368799051441e+01
1.182999999999951868e-01	4.176171439324646428e+01
1.183999999999951758e-01	4.175728244382052168e+01
1.184999999999951648e-01	4.175128707014355456e+01
1.185999999999951676e-01	4.174291079988706343e+01
1.186999999999951705e-01	4.173610191100309663e+01
1.187999999999951595e-01	4.172969558326254713e+01
1.188999999999951485e-01	4.172325624248393439e+01
1.189999999999951513e-01	4.171503178183975535e+01
1.190999999999951542e-01	4.170540674621666000e+01
1.191999999999951432e-01	4.169442544770986103e+01
1.192999999999951322e-01	4.168338128673453014e+01
1.193999999999951350e-01	4.167461216335941288e+01
1.194999999999951379e-01	4.166861148171485496e+01
1.195999999999951269e-01	4.165963994723272634e+01
1.196999999999951159e-01	4.164831992656042559e+01
1.197999999999951187e-01	4.163651349358219278e+01
1.198999999999951216e-01	4.162441424252001099e+01
1.199999999999951106e-01	4.161364294663606955e+01
1.200999999999950996e-01	4.160515251870381803e+01
1.201999999999951024e-01	4.159694247907938092e+01
1.202999999999951053e-01	4.158637574785677771e+01
1.203999999999950943e-01	4.157422334281856280e+01
1.204999999999950833e-01	4.156034529793200960e+01
1.205999999999950861e-01	4.154716423538590675e+01
1.206999999999950890e-01	4.153659671517180385e+01
1.207999999999950780e-01	4.152580782859739372e+01
1.208999999999950670e-01	4.151363041923087849e+01
1.209999999999950698e-01	4.150281064395999664e+01
1.210999999999950727e-01	4.148891348518668565e+01
1.211999999999950617e-01	4.147387135996783769e+01
1.212999999999950507e-01	4.146106034101413940e+01
1.213999999999950535e-01	4.144904765004950065e+01
1.214999999999950564e-01	4.143989201225299013e+01
1.215999999999950454e-01	4.143028008160220566e+01
1.216999999999950344e-01	4.141831679459031790e+01
1.217999999999950372e-01	4.140561016071094969e+01
1.218999999999950401e-01	4.139203704458167010e+01
1.219999999999950291e-01	4.138018171330143247e+01
1.220999999999950181e-01	4.136774076456588034e+01
1.221999999999950209e-01	4.135539227999910139e+01
1.222999999999950238e-01	4.134223543640745646e+01
1.223999999999950128e-01	4.132954323644579375e+01
1.224999999999950018e-01	4.131717868340027167e+01
1.225999999999950046e-01	4.130550833903423325e+01
1.226999999999950075e-01	4.129358718908971326e+01
1.227999999999949965e-01	4.128325126349054131e+01
1.228999999999949855e-01	4.127221368003252877e+01
1.229999999999949883e-01	4.126189511581834779e+01
1.230999999999949912e-01	4.125227863892931168e+01
1.231999999999949802e-01	4.124229149132273875e+01
1.232999999999949692e-01	4.123058946934952473e+01
1.233999999999949720e-01	4.122049399745570497e+01
1.234999999999949749e-01	4.121187818580865780e+01
1.235999999999949639e-01	4.120422952366595837e+01
1.236999999999949529e-01	4.119647316520628522e+01
1.237999999999949557e-01	4.118720448484272367e+01
1.238999999999949586e-01	4.117590275000647182e+01
1.239999999999949476e-01	4.116625464674364565e+01
1.240999999999949366e-01	4.115933642552965921e+01
1.241999999999949394e-01	4.115350368054331653e+01
1.242999999999949423e-01	4.114725342060358315e+01
1.243999999999949313e-01	4.114225567874527201e+01
1.244999999999949203e-01	4.113605763674419080e+01
1.245999999999949231e-01	4.112924669467134464e+01
1.246999999999949260e-01	4.112246232030188509e+01
1.247999999999949150e-01	4.111682204633520854e+01
1.248999999999949040e-01	4.110966717415129068e+01
1.249999999999949069e-01	4.110247735131505920e+01
1.250999999999949097e-01	4.109647463016792557e+01
1.251999999999948987e-01	4.109167076924748585e+01
1.252999999999948877e-01	4.108677071597585240e+01
1.253999999999949044e-01	4.108154619877367253e+01
1.254999999999948934e-01	4.107816311367901108e+01
1.255999999999948824e-01	4.107375921816750974e+01
1.256999999999948714e-01	4.107227742186771025e+01
1.257999999999948604e-01	4.107307291859303433e+01
1.258999999999948771e-01	4.107200304389672141e+01
1.259999999999948661e-01	4.107254177691682884e+01
1.260999999999948551e-01	4.106957437404743416e+01
1.261999999999948718e-01	4.106815384923979906e+01
1.262999999999948608e-01	4.106685460267279808e+01
1.263999999999948498e-01	4.106704655054485187e+01
1.264999999999948388e-01	4.106657540818506646e+01
1.265999999999948278e-01	4.106433917733785677e+01
1.266999999999948445e-01	4.106129916489275899e+01
1.267999999999948335e-01	4.105727346591658744e+01
1.268999999999948225e-01	4.105546597233475836e+01
1.269999999999948392e-01	4.105741437783920134e+01
1.270999999999948282e-01	4.105930384673224154e+01
1.271999999999948172e-01	4.106056542679153409e+01
1.272999999999948062e-01	4.106152300989784720e+01
1.273999999999947952e-01	4.106125522266743388e+01
1.274999999999948119e-01	4.105764415288804514e+01
1.275999999999948009e-01	4.105450699332726572e+01
1.276999999999947899e-01	4.105423696229545527e+01
1.277999999999948066e-01	4.105411393447196389e+01
1.278999999999947956e-01	4.105335580822676889e+01
1.279999999999947846e-01	4.105251285389138616e+01
1.280999999999947736e-01	4.105263064046742016e+01
1.281999999999947626e-01	4.105205375509732590e+01
1.282999999999947793e-01	4.105201777685658726e+01
1.283999999999947683e-01	4.105147993124549544e+01
1.284999999999947573e-01	4.105010478600137702e+01
1.285999999999947740e-01	4.104724528979993181e+01
1.286999999999947630e-01	4.104380135432157317e+01
1.287999999999947520e-01	4.103886893793988122e+01
1.288999999999947410e-01	4.103570105707844817e+01
1.289999999999947300e-01	4.103254721881225464e+01
1.290999999999947467e-01	4.102981580113329585e+01
1.291999999999947357e-01	4.102685237320637412e+01
1.292999999999947247e-01	4.102182374484245742e+01
1.293999999999947415e-01	4.101691625950888920e+01
1.294999999999947304e-01	4.101316260610364850e+01
1.295999999999947194e-01	4.100843314697955577e+01
1.296999999999947084e-01	4.100322712999918906e+01
1.297999999999946974e-01	4.100049471801975898e+01
1.298999999999947141e-01	4.099713136645482336e+01
1.299999999999947031e-01	4.099141766314264146e+01
1.300999999999946921e-01	4.098414415057934690e+01
1.301999999999947089e-01	4.097654477477932744e+01
1.302999999999946978e-01	4.097035337594103765e+01
1.303999999999946868e-01	4.096506778323123399e+01
1.304999999999946758e-01	4.096018832585433955e+01
1.305999999999946648e-01	4.095269366690376955e+01
1.306999999999946815e-01	4.094487012656956182e+01
1.307999999999946705e-01	4.093676298566927585e+01
1.308999999999946595e-01	4.092913883881094961e+01
1.309999999999946763e-01	4.092333064915686691e+01
1.310999999999946652e-01	4.091760639387170784e+01
1.311999999999946542e-01	4.091092088599370413e+01
1.312999999999946432e-01	4.090435343221798092e+01
1.313999999999946322e-01	4.089631492654866918e+01
1.314999999999946489e-01	4.088641394825618391e+01
1.315999999999946379e-01	4.087835484212172332e+01
1.316999999999946269e-01	4.087121673503443020e+01
1.317999999999946437e-01	4.086386816617829965e+01
1.318999999999946326e-01	4.085726908377333899e+01
1.319999999999946216e-01	4.084884082104191094e+01
1.320999999999946106e-01	4.084068072322843079e+01
1.321999999999945996e-01	4.083188065188517157e+01
1.322999999999946164e-01	4.082414366387255455e+01
1.323999999999946053e-01	4.081599844484648543e+01
1.324999999999945943e-01	4.080749937965596530e+01
1.325999999999946111e-01	4.079830542643860980e+01
1.326999999999946001e-01	4.078874191310601560e+01
1.327999999999945890e-01	4.078156648046203259e+01
1.328999999999945780e-01	4.077276944933042557e+01
1.329999999999945670e-01	4.076339047095838453e+01
1.330999999999945838e-01	4.075407401094633286e+01
1.331999999999945727e-01	4.074443473875999189e+01
1.332999999999945617e-01	4.073389928769581303e+01
1.333999999999945785e-01	4.072341349521587972e+01
1.334999999999945675e-01	4.071435316680526029e+01
1.335999999999945564e-01	4.070560721891587264e+01
1.336999999999945454e-01	4.069591589555762567e+01
1.337999999999945344e-01	4.068531495038155299e+01
1.338999999999945512e-01	4.067533991670546811e+01
1.339999999999945401e-01	4.066866554757714880e+01
1.340999999999945291e-01	4.066430540711009911e+01
1.341999999999945459e-01	4.065768312074613533e+01
1.342999999999945349e-01	4.065065122569140499e+01
1.343999999999945238e-01	4.064193676121313814e+01
1.344999999999945128e-01	4.063350163587165298e+01
1.345999999999945018e-01	4.062766391267831523e+01
1.346999999999945186e-01	4.062267102700537436e+01
1.347999999999945075e-01	4.061559591377939427e+01
1.348999999999944965e-01	4.060722038725997152e+01
1.349999999999945133e-01	4.059928303484284839e+01
1.350999999999945023e-01	4.059237521251473879e+01
1.351999999999944913e-01	4.058632968825047271e+01
1.352999999999944802e-01	4.058271028972546901e+01
1.353999999999944692e-01	4.057694294790913858e+01
1.354999999999944860e-01	4.057062568861314134e+01
1.355999999999944750e-01	4.056594408769532834e+01
1.356999999999944639e-01	4.055887446790669770e+01
1.357999999999944807e-01	4.055232461647642594e+01
1.358999999999944697e-01	4.054892998641967239e+01
1.359999999999944587e-01	4.054647930394155253e+01
1.360999999999944476e-01	4.054413891542895954e+01
1.361999999999944366e-01	4.053923056660043045e+01
1.362999999999944534e-01	4.053416037716063158e+01
1.363999999999944424e-01	4.052858570398354487e+01
1.364999999999944313e-01	4.052468787728034272e+01
1.365999999999944481e-01	4.052388553097147650e+01
1.366999999999944371e-01	4.052313776162048242e+01
1.367999999999944261e-01	4.051950689703407704e+01
1.368999999999944150e-01	4.051454386482831893e+01
1.369999999999944040e-01	4.050918013411487095e+01
1.370999999999944208e-01	4.050479616838612884e+01
1.371999999999944098e-01	4.050274506679688358e+01
1.372999999999943987e-01	4.050261116112059767e+01
1.373999999999944155e-01	4.050205148725049042e+01
1.374999999999944045e-01	4.050070382480372189e+01
1.375999999999943935e-01	4.049727410350005385e+01
1.376999999999943824e-01	4.049260701388951134e+01
1.377999999999943714e-01	4.049104524391375293e+01
1.378999999999943882e-01	4.049105665668463416e+01
1.379999999999943772e-01	4.049193952429437360e+01
1.380999999999943662e-01	4.049067809250478689e+01
1.381999999999943829e-01	4.049029849680099602e+01
1.382999999999943719e-01	4.048767614443709562e+01
1.383999999999943609e-01	4.048464333992728115e+01
1.384999999999943499e-01	4.048343104239307877e+01
1.385999999999943388e-01	4.048292532290314227e+01
1.386999999999943556e-01	4.048314845710441290e+01
1.387999999999943446e-01	4.048149361621318576e+01
1.388999999999943336e-01	4.047914764210218408e+01
1.389999999999943503e-01	4.047660593986537947e+01
1.390999999999943393e-01	4.047513096944008737e+01
1.391999999999943283e-01	4.047534324897150526e+01
1.392999999999943173e-01	4.047583201411031695e+01
1.393999999999943062e-01	4.047443062467588248e+01
1.394999999999943230e-01	4.047097322870236979e+01
1.395999999999943120e-01	4.046827918691695913e+01
1.396999999999943010e-01	4.046568575453894567e+01
1.397999999999943177e-01	4.046346344862296718e+01
1.398999999999943067e-01	4.046269359634091956e+01
1.399999999999942957e-01	4.046156559057880031e+01
1.400999999999942847e-01	4.046121998449451240e+01
1.401999999999942736e-01	4.046065359330920330e+01
1.402999999999942904e-01	4.045960948274024815e+01
1.403999999999942794e-01	4.045671721429143020e+01
1.404999999999942684e-01	4.045357875329787589e+01
1.405999999999942851e-01	4.045100442312057254e+01
1.406999999999942741e-01	4.044720374559079801e+01
1.407999999999942631e-01	4.044260779659533256e+01
1.408999999999942521e-01	4.043929123787692248e+01
1.409999999999942411e-01	4.043580435162445497e+01
1.410999999999942578e-01	4.043014104580686308e+01
1.411999999999942468e-01	4.042513056995368004e+01
1.412999999999942358e-01	4.042115091603055532e+01
1.413999999999942525e-01	4.041484453835926871e+01
1.414999999999942415e-01	4.040838397947103999e+01
1.415999999999942305e-01	4.040253796357264093e+01
1.416999999999942195e-01	4.039729287916302525e+01
1.417999999999942085e-01	4.039239651503934425e+01
1.418999999999942252e-01	4.038725883305223618e+01
1.419999999999942142e-01	4.038098836077509901e+01
1.420999999999942032e-01	4.037608967590403353e+01
1.421999999999942199e-01	4.037214421767313155e+01
1.422999999999942089e-01	4.036757245414391093e+01
1.423999999999941979e-01	4.036148716396564851e+01
1.424999999999941869e-01	4.035378191297527195e+01
1.425999999999941759e-01	4.034603773665140380e+01
1.426999999999941926e-01	4.033875476091733248e+01
1.427999999999941816e-01	4.033297686185778019e+01
1.428999999999941706e-01	4.032732143096577460e+01
1.429999999999941873e-01	4.032122237852196633e+01
1.430999999999941763e-01	4.031349949555448831e+01
1.431999999999941653e-01	4.030618878927083415e+01
1.432999999999941543e-01	4.029663288029920665e+01
1.433999999999941433e-01	4.028931385510168894e+01
1.434999999999941600e-01	4.028282481994287423e+01
1.435999999999941490e-01	4.027757337170483254e+01
1.436999999999941380e-01	4.027254470156686494e+01
1.437999999999941547e-01	4.026471833633910791e+01
1.438999999999941437e-01	4.025741825464347556e+01
1.439999999999941327e-01	4.024883234833593093e+01
1.440999999999941217e-01	4.023901311726916674e+01
1.441999999999941107e-01	4.023183397588844912e+01
1.442999999999941274e-01	4.022580823177496967e+01
1.443999999999941164e-01	4.021884737285683542e+01
1.444999999999941054e-01	4.021243316984990912e+01
1.445999999999941221e-01	4.020485114782178471e+01
1.446999999999941111e-01	4.019791986897179470e+01
1.447999999999941001e-01	4.019280042961573685e+01
1.448999999999940891e-01	4.018975338708240486e+01
1.449999999999940781e-01	4.018615423457650593e+01
1.450999999999940948e-01	4.017919497159867603e+01
1.451999999999940838e-01	4.017082203510258154e+01
1.452999999999940728e-01	4.016188144809476768e+01
1.453999999999940895e-01	4.015478931823633246e+01
1.454999999999940785e-01	4.014987224768571394e+01
1.455999999999940675e-01	4.014471831374126509e+01
1.456999999999940565e-01	4.014009852261897038e+01
1.457999999999940455e-01	4.013596749071901115e+01
1.458999999999940622e-01	4.012994410220359498e+01
1.459999999999940512e-01	4.012451702240955598e+01
1.460999999999940402e-01	4.012143902090752334e+01
1.461999999999940569e-01	4.011815000329210790e+01
1.462999999999940459e-01	4.011404656468396013e+01
1.463999999999940349e-01	4.010863125611836466e+01
1.464999999999940239e-01	4.010396564018845567e+01
1.465999999999940129e-01	4.009754999698132139e+01
1.466999999999940296e-01	4.009083628275499223e+01
1.467999999999940186e-01	4.008587484205170881e+01
1.468999999999940076e-01	4.008203326268231592e+01
1.469999999999940243e-01	4.007854130986572017e+01
1.470999999999940133e-01	4.007321213792774017e+01
1.471999999999940023e-01	4.006740223864579065e+01
1.472999999999939913e-01	4.006325386112028752e+01
1.473999999999939803e-01	4.006052575023687723e+01
1.474999999999939970e-01	4.005873689771924973e+01
1.475999999999939860e-01	4.005682654108015583e+01
1.476999999999939750e-01	4.005544709708139095e+01
1.477999999999939917e-01	4.005249610501167723e+01
1.478999999999939807e-01	4.004790372006804944e+01
1.479999999999939697e-01	4.004635036600007680e+01
1.480999999999939587e-01	4.004502913770976846e+01
1.481999999999939477e-01	4.004245672464872285e+01
1.482999999999939644e-01	4.004063729141596895e+01
1.483999999999939534e-01	4.003931060379408535e+01
1.484999999999939424e-01	4.003571088529777455e+01
1.485999999999939591e-01	4.003283263485539578e+01
1.486999999999939481e-01	4.003069582834211104e+01
1.487999999999939371e-01	4.002993399098125593e+01
1.488999999999939261e-01	4.002929124422639973e+01
1.489999999999939151e-01	4.002826801683157498e+01
1.490999999999939318e-01	4.002571674991402517e+01
1.491999999999939208e-01	4.002274416687444614e+01
1.492999999999939098e-01	4.002107036849140087e+01
1.493999999999939265e-01	4.001903016764227772e+01
1.494999999999939155e-01	4.001695575487082834e+01
1.495999999999939045e-01	4.001271424434625601e+01
1.496999999999938935e-01	4.000843952397951142e+01
1.497999999999938825e-01	4.000547142623631913e+01
1.498999999999938992e-01	4.000309712487457858e+01
1.499999999999938882e-01	4.000059304987209430e+01
1.500999999999938772e-01	3.999823892568234385e+01
1.501999999999938940e-01	3.999460906330457277e+01
1.502999999999938829e-01	3.999163536641295735e+01
1.503999999999938719e-01	3.999013316659602424e+01
1.504999999999938609e-01	3.998811070904066156e+01
1.505999999999938499e-01	3.998540031884676438e+01
1.506999999999938666e-01	3.998499282339542304e+01
1.507999999999938556e-01	3.998291289389688785e+01
1.508999999999938446e-01	3.998044952721429723e+01
1.509999999999938614e-01	3.997675172515425146e+01
1.510999999999938503e-01	3.997297895918026711e+01
1.511999999999938393e-01	3.996999413485769281e+01
1.512999999999938283e-01	3.996877490494094332e+01
1.513999999999938173e-01	3.996448154957115406e+01
1.514999999999938340e-01	3.996001028614234940e+01
1.515999999999938230e-01	3.995458332392863099e+01
1.516999999999938120e-01	3.995220559735410859e+01
1.517999999999938288e-01	3.995012363475866124e+01
1.518999999999938177e-01	3.994657439196831916e+01
1.519999999999938067e-01	3.994161224567474733e+01
1.520999999999937957e-01	3.993513429556262651e+01
1.521999999999937847e-01	3.992897496623158560e+01
1.522999999999938014e-01	3.992326182287980174e+01
1.523999999999937904e-01	3.991786158007530361e+01
1.524999999999937794e-01	3.991319308494688300e+01
1.525999999999937962e-01	3.990793318318936400e+01
1.526999999999937851e-01	3.990003155204172458e+01
1.527999999999937741e-01	3.989066352486627665e+01
1.528999999999937631e-01	3.988331503646941911e+01
1.529999999999937521e-01	3.987841068178109083e+01
1.530999999999937689e-01	3.987342995993002148e+01
1.531999999999937578e-01	3.986818302321842822e+01
1.532999999999937468e-01	3.986190294745810547e+01
1.533999999999937636e-01	3.985301133553120678e+01
1.534999999999937526e-01	3.984380610890794827e+01
1.535999999999937415e-01	3.983606266899180781e+01
1.536999999999937305e-01	3.983010537210485325e+01
1.537999999999937195e-01	3.982648436783244961e+01
1.538999999999937363e-01	3.982152263250453927e+01
1.539999999999937252e-01	3.981417567006773339e+01
1.540999999999937142e-01	3.980505281530343353e+01
1.541999999999937310e-01	3.979569604497000768e+01
1.542999999999937200e-01	3.978826834198316220e+01
1.543999999999937089e-01	3.978107437584983330e+01
1.544999999999936979e-01	3.977540345427031809e+01
1.545999999999936869e-01	3.976858138020075728e+01
1.546999999999937037e-01	3.975848967179901194e+01
1.547999999999936926e-01	3.974750203893661649e+01
1.548999999999936816e-01	3.973682365623915302e+01
