0.000000000000000000e+00	7.995232310656038566e-01
5.000000000001530998e-05	7.990149817794348630e-01
1.000000000000306200e-04	7.980646075890669433e-01
1.500000000000459299e-04	7.978782673795541402e-01
2.000000000000612399e-04	7.964424136365136908e-01
2.500000000000765499e-04	7.960807330580058627e-01
3.000000000000918599e-04	7.968801161631682284e-01
3.500000000001071698e-04	7.994659079294433868e-01
4.000000000001224798e-04	8.009021655686286989e-01
4.500000000001377898e-04	8.016198574995679893e-01
5.000000000001530998e-04	8.031386598149266032e-01
5.500000000001684097e-04	8.036474577318080126e-01
6.000000000001837197e-04	8.023729070051756063e-01
6.500000000001990297e-04	8.019035657343822621e-01
7.000000000002143397e-04	8.018501966510508394e-01
7.500000000002296496e-04	8.008502330188128626e-01
8.000000000002449596e-04	8.007633280999892911e-01
8.500000000002602696e-04	7.996773471126209509e-01
9.000000000002755796e-04	7.985331667921757859e-01
9.500000000002908895e-04	7.979981486226608300e-01
1.000000000000306200e-03	7.991365515779256246e-01
1.050000000000321509e-03	8.008537344616258880e-01
1.100000000000336819e-03	8.028841562632638151e-01
1.150000000000352129e-03	8.027735288755372123e-01
1.200000000000367439e-03	8.038285185662429333e-01
1.250000000000382749e-03	8.045769188494306112e-01
1.300000000000398059e-03	8.037671374728442286e-01
1.350000000000413369e-03	8.034688114123231806e-01
1.400000000000428679e-03	8.042154533059742150e-01
1.450000000000443989e-03	8.043788174774674227e-01
1.500000000000459299e-03	8.028363866399094162e-01
1.550000000000474609e-03	8.020573062911231510e-01
1.600000000000489919e-03	8.014906222483677567e-01
1.650000000000505229e-03	8.005091163386085507e-01
1.700000000000520539e-03	8.000958674579771168e-01
1.750000000000535849e-03	7.984072086660218837e-01
1.800000000000551159e-03	7.955872818609270869e-01
1.850000000000566469e-03	7.940714726591385775e-01
1.900000000000581779e-03	7.938327592869335314e-01
1.950000000000597089e-03	7.941858382017716877e-01
2.000000000000612399e-03	7.956023848946389698e-01
2.050000000000627709e-03	7.975983056771258628e-01
2.100000000000643019e-03	7.993662063228027526e-01
2.150000000000658329e-03	7.993748020492287276e-01
2.200000000000673639e-03	7.970296972986633532e-01
2.250000000000688949e-03	7.954680196927933489e-01
2.300000000000704259e-03	7.959548232486525210e-01
2.350000000000719569e-03	7.957068960593206564e-01
2.400000000000734879e-03	7.931140665510056920e-01
2.450000000000750189e-03	7.911453170877091878e-01
2.500000000000765499e-03	7.913981413904828122e-01
2.550000000000780809e-03	7.914964847533979553e-01
2.600000000000796119e-03	7.917131533412486988e-01
2.650000000000811429e-03	7.934535751048888974e-01
2.700000000000826739e-03	7.956626445323369268e-01
2.750000000000842049e-03	7.952396587211003620e-01
2.800000000000857359e-03	7.953659983864038718e-01
2.850000000000872669e-03	7.979150956337336398e-01
2.900000000000887979e-03	8.002678449730484811e-01
2.950000000000903289e-03	7.997817992738955883e-01
3.000000000000918599e-03	7.985028142814660779e-01
3.050000000000933909e-03	7.980652660829508083e-01
3.100000000000949218e-03	7.989512385403474415e-01
3.150000000000964528e-03	8.003087916530716717e-01
3.200000000000979838e-03	7.994860498074110033e-01
3.250000000000995148e-03	7.994424554642217684e-01
3.300000000001010458e-03	8.014365741976651192e-01
3.350000000001025768e-03	8.016762459512425387e-01
3.400000000001041078e-03	8.020340335778263219e-01
3.450000000001056388e-03	8.022771462796627340e-01
3.500000000001071698e-03	8.025656509369006875e-01
3.550000000001087008e-03	8.014481295662160276e-01
3.600000000001102318e-03	7.995893992863406519e-01
3.650000000001117628e-03	7.996229781473562781e-01
3.700000000001132938e-03	8.006037347872139165e-01
3.750000000001148248e-03	8.007969147915294794e-01
3.800000000001163558e-03	8.019931780141782429e-01
3.850000000001178868e-03	8.032610628316347867e-01
3.900000000001194178e-03	8.032194491715966000e-01
3.950000000001209488e-03	8.029054966966965301e-01
4.000000000001224798e-03	8.030418735452493628e-01
4.050000000001240108e-03	8.026340186841859348e-01
4.100000000001255418e-03	8.019228263869829787e-01
4.150000000001270728e-03	8.018857107164014675e-01
4.200000000001286038e-03	8.005587007966240565e-01
4.250000000001301348e-03	7.988471637612614140e-01
4.300000000001316658e-03	7.980018445788570336e-01
4.350000000001331968e-03	7.983290031198517767e-01
4.400000000001347278e-03	7.988534200084850267e-01
4.450000000001362588e-03	7.992972135591893679e-01
4.500000000001377898e-03	8.002496135148039480e-01
4.550000000001393208e-03	8.002282719757519702e-01
4.600000000001408518e-03	8.010329413257335496e-01
4.650000000001423828e-03	8.023836323513005020e-01
4.700000000001439138e-03	8.023932868736389779e-01
4.750000000001454448e-03	8.017436712601210269e-01
4.800000000001469758e-03	8.018814191621151943e-01
4.850000000001485068e-03	8.026240246810978363e-01
4.900000000001500378e-03	8.024562329897906299e-01
4.950000000001515688e-03	8.031316732181252860e-01
5.000000000001530998e-03	8.038034697415146201e-01
5.050000000001546308e-03	8.048021909993103851e-01
5.100000000001561618e-03	8.041336220012330616e-01
5.150000000001576927e-03	8.022692116404817053e-01
5.200000000001592237e-03	8.012040732531175991e-01
5.250000000001607547e-03	8.030710168905934587e-01
5.300000000001622857e-03	8.049609525908277829e-01
5.350000000001638167e-03	8.065965948968515375e-01
5.400000000001653477e-03	8.072815807702110602e-01
5.450000000001668787e-03	8.085748369274478042e-01
5.500000000001684097e-03	8.094659696869739296e-01
5.550000000001699407e-03	8.088780197820185647e-01
5.600000000001714717e-03	8.081023149827446517e-01
5.650000000001730027e-03	8.072530413234555446e-01
5.700000000001745337e-03	8.053028891067377515e-01
5.750000000001760647e-03	8.028054884255172441e-01
5.800000000001775957e-03	8.027020629261882867e-01
5.850000000001791267e-03	8.029599253691094285e-01
5.900000000001806577e-03	8.036094786903008602e-01
5.950000000001821887e-03	8.054671026753833507e-01
6.000000000001837197e-03	8.074926004881829433e-01
6.050000000001852507e-03	8.069255150600936899e-01
6.100000000001867817e-03	8.053810579878377673e-01
6.150000000001883127e-03	8.046938902171559826e-01
6.200000000001898437e-03	8.040003370589351439e-01
6.250000000001913747e-03	8.039880215109335149e-01
6.300000000001929057e-03	8.037753612776085133e-01
6.350000000001944367e-03	8.036289310871486125e-01
6.400000000001959677e-03	8.026499651479385156e-01
6.450000000001974987e-03	8.021885363968020988e-01
6.500000000001990297e-03	8.033615993349312312e-01
6.550000000002005607e-03	8.055401071332234375e-01
6.600000000002020917e-03	8.076495820678506465e-01
6.650000000002036227e-03	8.088479149164988780e-01
6.700000000002051537e-03	8.104865865533195102e-01
6.750000000002066847e-03	8.108947424281236493e-01
6.800000000002082157e-03	8.122995280899558690e-01
6.850000000002097467e-03	8.140380289046189599e-01
6.900000000002112777e-03	8.149291407778144203e-01
6.950000000002128087e-03	8.145992384507323436e-01
7.000000000002143397e-03	8.128225646533207005e-01
7.050000000002158707e-03	8.120403123299236858e-01
7.100000000002174017e-03	8.112443543365588372e-01
7.150000000002189326e-03	8.100087582811026365e-01
7.200000000002204636e-03	8.094641034040571670e-01
7.250000000002219946e-03	8.091750615848650741e-01
7.300000000002235256e-03	8.113785639229590396e-01
7.350000000002250566e-03	8.141421828041159880e-01
7.400000000002265876e-03	8.162609957595803323e-01
7.450000000002281186e-03	8.167396978185178513e-01
7.500000000002296496e-03	8.167657156801229057e-01
7.550000000002311806e-03	8.162506407906690020e-01
7.600000000002327116e-03	8.147933361074227721e-01
7.650000000002342426e-03	8.127228126490801952e-01
7.700000000002357736e-03	8.106184820528007373e-01
7.750000000002373046e-03	8.110558646558120310e-01
7.800000000002388356e-03	8.137035420031932809e-01
7.850000000002403666e-03	8.149611062598987044e-01
7.900000000002418976e-03	8.176552126302062407e-01
7.950000000002434286e-03	8.193570129627130161e-01
8.000000000002449596e-03	8.198943472561591728e-01
8.050000000002464906e-03	8.191212383571464528e-01
8.100000000002480216e-03	8.187230197710576585e-01
8.150000000002495526e-03	8.205306551617389532e-01
8.200000000002510836e-03	8.215024024507630029e-01
8.250000000002526146e-03	8.228773495537836657e-01
8.300000000002541456e-03	8.241852618511971151e-01
8.350000000002556766e-03	8.249332842831157420e-01
8.400000000002572076e-03	8.254692349486166814e-01
8.450000000002587386e-03	8.270463960070559839e-01
8.500000000002602696e-03	8.284006257616476354e-01
8.550000000002618006e-03	8.315394777408863236e-01
8.600000000002633316e-03	8.342673754495701921e-01
8.650000000002648626e-03	8.361344856725444474e-01
8.700000000002663936e-03	8.358422848113953307e-01
8.750000000002679246e-03	8.351548934104724431e-01
8.800000000002694556e-03	8.359936219258130574e-01
8.850000000002709866e-03	8.366801127826326567e-01
8.900000000002725176e-03	8.364306361885266439e-01
8.950000000002740486e-03	8.364159491701773641e-01
9.000000000002755796e-03	8.369461879007520366e-01
9.050000000002771106e-03	8.367516543870097134e-01
9.100000000002786416e-03	8.361642430289143446e-01
9.150000000002801726e-03	8.374897710121742556e-01
9.200000000002817035e-03	8.396227913380291952e-01
9.250000000002832345e-03	8.417689678211008886e-01
9.300000000002847655e-03	8.448010674115233876e-01
9.350000000002862965e-03	8.476957090578567389e-01
9.400000000002878275e-03	8.479921377107150215e-01
9.450000000002893585e-03	8.471737104376007022e-01
9.500000000002908895e-03	8.468982689057522606e-01
9.550000000002924205e-03	8.467874804735954219e-01
9.600000000002939515e-03	8.460048157244151046e-01
9.650000000002954825e-03	8.468123120312108787e-01
9.700000000002970135e-03	8.484949382556735697e-01
9.750000000002985445e-03	8.493286848732024552e-01
9.800000000003000755e-03	8.476870195624879312e-01
9.850000000003016065e-03	8.466074052286718388e-01
9.900000000003031375e-03	8.480695561649649328e-01
9.950000000003046685e-03	8.507276616586164630e-01
1.000000000000306200e-02	8.521910446669617167e-01
1.005000000000307731e-02	8.546838746756088012e-01
1.010000000000309262e-02	8.578601538302723650e-01
1.015000000000310793e-02	8.580945027381426948e-01
1.020000000000312324e-02	8.572055320342572005e-01
1.025000000000313854e-02	8.578771287720844407e-01
1.030000000000315385e-02	8.589117887766610782e-01
1.035000000000316916e-02	8.589962063425595762e-01
1.040000000000318447e-02	8.610111527175967616e-01
1.045000000000319978e-02	8.645213084365097611e-01
1.050000000000321509e-02	8.677675286253478948e-01
1.055000000000323040e-02	8.697128585287760005e-01
1.060000000000324571e-02	8.708561624300760196e-01
1.065000000000326102e-02	8.719716244084133594e-01
1.070000000000327633e-02	8.740043958236547450e-01
1.075000000000329164e-02	8.756337713928685762e-01
1.080000000000330695e-02	8.759110070442109874e-01
1.085000000000332226e-02	8.770444031911807103e-01
1.090000000000333757e-02	8.772457173692093102e-01
1.095000000000335288e-02	8.773007142403774772e-01
1.100000000000336819e-02	8.787006594700301765e-01
1.105000000000338350e-02	8.790811395213622426e-01
1.110000000000339881e-02	8.791832017134866284e-01
1.115000000000341412e-02	8.783795769600676318e-01
1.120000000000342943e-02	8.786778525300804610e-01
1.125000000000344474e-02	8.793875501890429103e-01
1.130000000000346005e-02	8.794323697874030232e-01
1.135000000000347536e-02	8.801114922564959864e-01
1.140000000000349067e-02	8.801347193491607657e-01
1.145000000000350598e-02	8.814934502458153798e-01
1.150000000000352129e-02	8.842308285592646033e-01
1.155000000000353660e-02	8.890325591391029514e-01
1.160000000000355191e-02	8.922964534484908450e-01
1.165000000000356722e-02	8.935014220651447125e-01
1.170000000000358253e-02	8.948089245643147116e-01
1.175000000000359784e-02	8.971082323626249355e-01
1.180000000000361315e-02	9.000855520673913812e-01
1.185000000000362846e-02	9.028406189669770932e-01
1.190000000000364377e-02	9.058099790122231543e-01
1.195000000000365908e-02	9.082031284445603037e-01
1.200000000000367439e-02	9.104561888380601209e-01
1.205000000000368970e-02	9.119651898304251825e-01
1.210000000000370501e-02	9.145818372228240456e-01
1.215000000000372032e-02	9.166664018377923551e-01
1.220000000000373563e-02	9.195101841458944714e-01
1.225000000000375094e-02	9.217775757176908114e-01
1.230000000000376625e-02	9.240472742533454298e-01
1.235000000000378156e-02	9.259419913555002601e-01
1.240000000000379687e-02	9.275128824767221447e-01
1.245000000000381218e-02	9.302489366340065402e-01
1.250000000000382749e-02	9.327169789347274920e-01
1.255000000000384280e-02	9.331051391051683463e-01
1.260000000000385811e-02	9.334199408245749119e-01
1.265000000000387342e-02	9.343165368251744596e-01
1.270000000000388873e-02	9.347076761446853066e-01
1.275000000000390404e-02	9.360616910148277237e-01
1.280000000000391935e-02	9.375316536866175054e-01
1.285000000000393466e-02	9.390447603202054516e-01
1.290000000000394997e-02	9.396026109962942741e-01
1.295000000000396528e-02	9.405990353707867069e-01
1.300000000000398059e-02	9.428919459364385469e-01
1.305000000000399590e-02	9.460929446276932220e-01
1.310000000000401121e-02	9.495156618335544030e-01
1.315000000000402652e-02	9.523709269849431891e-01
1.320000000000404183e-02	9.535904302118324294e-01
1.325000000000405714e-02	9.561994616851925421e-01
1.330000000000407245e-02	9.587639909920431247e-01
1.335000000000408776e-02	9.586887314313160546e-01
1.340000000000410307e-02	9.596797386207538416e-01
1.345000000000411838e-02	9.625219026153821744e-01
1.350000000000413369e-02	9.676877077936193450e-01
1.355000000000414900e-02	9.752586137591825466e-01
1.360000000000416431e-02	9.810190629673305462e-01
1.365000000000417962e-02	9.859221736302660188e-01
1.370000000000419493e-02	9.913966744017187471e-01
1.375000000000421024e-02	9.956768462469324232e-01
1.380000000000422555e-02	9.979564957966204908e-01
1.385000000000424086e-02	9.976097648121715622e-01
1.390000000000425617e-02	9.962662652831283383e-01
1.395000000000427148e-02	9.966419430268671498e-01
1.400000000000428679e-02	9.972279649942568103e-01
1.405000000000430210e-02	9.975770508569173911e-01
1.410000000000431741e-02	9.977869139587259850e-01
1.415000000000433272e-02	9.983502010912086444e-01
1.420000000000434803e-02	1.001510875736886685e+00
1.425000000000436334e-02	1.005297016339131488e+00
1.430000000000437865e-02	1.009281584970314061e+00
1.435000000000439396e-02	1.014149874328113654e+00
1.440000000000440927e-02	1.017830870469735194e+00
1.445000000000442458e-02	1.020336521547584141e+00
1.450000000000443989e-02	1.022263767794446165e+00
1.455000000000445520e-02	1.025763129452717637e+00
1.460000000000447051e-02	1.027350093603806469e+00
1.465000000000448582e-02	1.028592184751232708e+00
1.470000000000450113e-02	1.029227118594077117e+00
1.475000000000451644e-02	1.031344928097753577e+00
1.480000000000453175e-02	1.035262828749472730e+00
1.485000000000454706e-02	1.039754387059810048e+00
1.490000000000456237e-02	1.044052262958373056e+00
1.495000000000457768e-02	1.047374226998825320e+00
1.500000000000459299e-02	1.051387803106884622e+00
1.505000000000460830e-02	1.055538939237583573e+00
1.510000000000462361e-02	1.059249563112389048e+00
1.515000000000463892e-02	1.060777762751754061e+00
1.520000000000465423e-02	1.061404695173799428e+00
1.525000000000466954e-02	1.063680958444519042e+00
1.530000000000468485e-02	1.065967219398310517e+00
1.535000000000470016e-02	1.069416670871400576e+00
1.540000000000471547e-02	1.072476866125209760e+00
1.545000000000473078e-02	1.075901452328630103e+00
1.550000000000474609e-02	1.078360527883573061e+00
1.555000000000476140e-02	1.079634598014950431e+00
1.560000000000477671e-02	1.082428136611154113e+00
1.565000000000479202e-02	1.086851692791686919e+00
1.570000000000480733e-02	1.090893052372494676e+00
1.575000000000482264e-02	1.095178385213361860e+00
1.580000000000483795e-02	1.101159394639746214e+00
1.585000000000485326e-02	1.105593211819282828e+00
1.590000000000486857e-02	1.108353451022491054e+00
1.595000000000488388e-02	1.109809584528098192e+00
1.600000000000489919e-02	1.111087165896987639e+00
1.605000000000491450e-02	1.112716458258767860e+00
1.610000000000492981e-02	1.115106874140167514e+00
1.615000000000494512e-02	1.118497536418769700e+00
1.620000000000496043e-02	1.120504033040050862e+00
1.625000000000497574e-02	1.123231218286177890e+00
1.630000000000499105e-02	1.126341968491630707e+00
1.635000000000500636e-02	1.129795828374329680e+00
1.640000000000502167e-02	1.134793963600787770e+00
1.645000000000503698e-02	1.139356867588287248e+00
1.650000000000505229e-02	1.143308461122403807e+00
1.655000000000506760e-02	1.145585461895447077e+00
1.660000000000508291e-02	1.149544536979723919e+00
1.665000000000509822e-02	1.154755674374764229e+00
1.670000000000511353e-02	1.158473863562887951e+00
1.675000000000512884e-02	1.163318775986660114e+00
1.680000000000514415e-02	1.167817031980621145e+00
1.685000000000515946e-02	1.172696320851301266e+00
1.690000000000517477e-02	1.177577911774039920e+00
1.695000000000519008e-02	1.181909718081741056e+00
1.700000000000520539e-02	1.185587008664704900e+00
1.705000000000522070e-02	1.189689968438337075e+00
1.710000000000523601e-02	1.195888917467227364e+00
1.715000000000525132e-02	1.201164768948550288e+00
1.720000000000526663e-02	1.206299519077335347e+00
1.725000000000528194e-02	1.209891871310580624e+00
1.730000000000529725e-02	1.215005066936522216e+00
1.735000000000531256e-02	1.217139194536877023e+00
1.740000000000532787e-02	1.219955783895998014e+00
1.745000000000534318e-02	1.222415453227364113e+00
1.750000000000535849e-02	1.224469684243401302e+00
1.755000000000537380e-02	1.229095613770952111e+00
1.760000000000538911e-02	1.235513870789024526e+00
1.765000000000540442e-02	1.242118056796386982e+00
1.770000000000541973e-02	1.249890343132235682e+00
1.775000000000543504e-02	1.257923448068021699e+00
1.780000000000545035e-02	1.263885224117189177e+00
1.785000000000546566e-02	1.270047241839204144e+00
1.790000000000548097e-02	1.274584510227574352e+00
1.795000000000549628e-02	1.276807263057597952e+00
1.800000000000551159e-02	1.278851929882054428e+00
1.805000000000552690e-02	1.280728232038072179e+00
1.810000000000554221e-02	1.285008424485136080e+00
1.815000000000555752e-02	1.288411332552692246e+00
1.820000000000557283e-02	1.290897054035227143e+00
1.825000000000558814e-02	1.294511549027924646e+00
1.830000000000560345e-02	1.300116672256986128e+00
1.835000000000561876e-02	1.305706722774078177e+00
1.840000000000563407e-02	1.311275056023784025e+00
1.845000000000564938e-02	1.316108936068554947e+00
1.850000000000566469e-02	1.320747496530528142e+00
1.855000000000568000e-02	1.325239181869590332e+00
1.860000000000569531e-02	1.328199551731358508e+00
1.865000000000571062e-02	1.331187414240727840e+00
1.870000000000572593e-02	1.336446551541385697e+00
1.875000000000574124e-02	1.340706956634767799e+00
1.880000000000575655e-02	1.345126125892374347e+00
1.885000000000577186e-02	1.350076150530716390e+00
1.890000000000578717e-02	1.355636856651905253e+00
1.895000000000580248e-02	1.360775895277645642e+00
1.900000000000581779e-02	1.365275128186554499e+00
1.905000000000583310e-02	1.370748997155315507e+00
1.910000000000584841e-02	1.375309446514492162e+00
1.915000000000586372e-02	1.379225202721410470e+00
1.920000000000587903e-02	1.383725334191288958e+00
1.925000000000589434e-02	1.388998129110763369e+00
1.930000000000590965e-02	1.394685140022242642e+00
1.935000000000592496e-02	1.400311886309814069e+00
1.940000000000594027e-02	1.405171401177851331e+00
1.945000000000595558e-02	1.412252927659465751e+00
1.950000000000597089e-02	1.418334397794293711e+00
1.955000000000598620e-02	1.424520045683595804e+00
1.960000000000600151e-02	1.431037625167528526e+00
1.965000000000601682e-02	1.436447522750349037e+00
1.970000000000603213e-02	1.441322885539022991e+00
1.975000000000604744e-02	1.446148834416888906e+00
1.980000000000606275e-02	1.450543704614144502e+00
1.985000000000607806e-02	1.456055867318163610e+00
1.990000000000609337e-02	1.463568826458841343e+00
1.995000000000610868e-02	1.472717584953559200e+00
2.000000000000612399e-02	1.480750106466698579e+00
2.005000000000613930e-02	1.487481374637939391e+00
2.010000000000615461e-02	1.494719017786388493e+00
2.015000000000616992e-02	1.500455741505829721e+00
2.020000000000618523e-02	1.504704689182776445e+00
2.025000000000620054e-02	1.509656609616952583e+00
2.030000000000621585e-02	1.514865090851161389e+00
2.035000000000623116e-02	1.521867641008066929e+00
2.040000000000624647e-02	1.528392279340688109e+00
2.045000000000626178e-02	1.534072736704108930e+00
2.050000000000627709e-02	1.541141650115907424e+00
2.055000000000629240e-02	1.549163200171235211e+00
2.060000000000630771e-02	1.557223564592890241e+00
2.065000000000632302e-02	1.566028729216593973e+00
2.070000000000633833e-02	1.575123087812957845e+00
2.075000000000635364e-02	1.583832666868504768e+00
2.080000000000636895e-02	1.589218595680568669e+00
2.085000000000638426e-02	1.595585603029887167e+00
2.090000000000639957e-02	1.601879956491813584e+00
2.095000000000641488e-02	1.608475586748005171e+00
2.100000000000643019e-02	1.615453682411121417e+00
2.105000000000644550e-02	1.621956632680405352e+00
2.110000000000646081e-02	1.629554212062735541e+00
2.115000000000647612e-02	1.638986128321577862e+00
2.120000000000649143e-02	1.650233329503665747e+00
2.125000000000650674e-02	1.661545802301257257e+00
2.130000000000652205e-02	1.672397368677044138e+00
2.135000000000653736e-02	1.684311927250373264e+00
2.140000000000655267e-02	1.694565563549833342e+00
2.145000000000656798e-02	1.703699817534415573e+00
2.150000000000658329e-02	1.711944584401628777e+00
2.155000000000659860e-02	1.720018528258233648e+00
2.160000000000661391e-02	1.727602341351041959e+00
2.165000000000662922e-02	1.734532783975479386e+00
2.170000000000664453e-02	1.740007635271486830e+00
2.175000000000665984e-02	1.745843824967499458e+00
2.180000000000667515e-02	1.754080485223832309e+00
2.185000000000669046e-02	1.763084699811405365e+00
2.190000000000670577e-02	1.773752603543169881e+00
2.195000000000672108e-02	1.784073068738528001e+00
2.200000000000673639e-02	1.794436755982850240e+00
2.205000000000675170e-02	1.805365160825098236e+00
2.210000000000676701e-02	1.817749741915158257e+00
2.215000000000678232e-02	1.830288070842095660e+00
2.220000000000679763e-02	1.841984805441889250e+00
2.225000000000681294e-02	1.852831427934173991e+00
2.230000000000682825e-02	1.863967021870344354e+00
2.235000000000684356e-02	1.874187116211786908e+00
2.240000000000685887e-02	1.883308609301861836e+00
2.245000000000687418e-02	1.892195011762555446e+00
2.250000000000688949e-02	1.903246913118652461e+00
2.255000000000690480e-02	1.915745007981840775e+00
2.260000000000692011e-02	1.930171985170249904e+00
2.265000000000693542e-02	1.942174489107939994e+00
2.270000000000695073e-02	1.955031724728815590e+00
2.275000000000696604e-02	1.969895643065442847e+00
2.280000000000698135e-02	1.984415981371408844e+00
2.285000000000699666e-02	1.997474850771187249e+00
2.290000000000701197e-02	2.009376433611189228e+00
2.295000000000702728e-02	2.022182855106060106e+00
2.300000000000704259e-02	2.034295187415134265e+00
2.305000000000705790e-02	2.045491244142930487e+00
2.310000000000707321e-02	2.058862574857885708e+00
2.315000000000708852e-02	2.073379180940242872e+00
2.320000000000710383e-02	2.088028314902436566e+00
2.325000000000711914e-02	2.103607251087799668e+00
2.330000000000713445e-02	2.118239805979290846e+00
2.335000000000714976e-02	2.133378162727662009e+00
2.340000000000716507e-02	2.148654549689344773e+00
2.345000000000718038e-02	2.163506716033760657e+00
2.350000000000719569e-02	2.177443702478663479e+00
2.355000000000721100e-02	2.191738784252892813e+00
2.360000000000722631e-02	2.206627977995777812e+00
2.365000000000724162e-02	2.221134261578103786e+00
2.370000000000725693e-02	2.235191122211974246e+00
2.375000000000727224e-02	2.251222221499248111e+00
2.380000000000728755e-02	2.269156157296999599e+00
2.385000000000730286e-02	2.287452016495409080e+00
2.390000000000731817e-02	2.305124543150830263e+00
2.395000000000733348e-02	2.323743884941060323e+00
2.400000000000734879e-02	2.342477097938594266e+00
2.405000000000736410e-02	2.360753124688956817e+00
2.410000000000737941e-02	2.378408076594650034e+00
2.415000000000739472e-02	2.395230841430529445e+00
2.420000000000741003e-02	2.410124426589729030e+00
2.425000000000742534e-02	2.426773571352585535e+00
2.430000000000744065e-02	2.444336202511590450e+00
2.435000000000745596e-02	2.461517464623569129e+00
2.440000000000747127e-02	2.478471743090835400e+00
2.445000000000748658e-02	2.497165728574889165e+00
2.450000000000750189e-02	2.516940174878195879e+00
2.455000000000751720e-02	2.538119249326526550e+00
2.460000000000753251e-02	2.560806412303368251e+00
2.465000000000754782e-02	2.581868427060524329e+00
2.470000000000756313e-02	2.604075967589361884e+00
2.475000000000757844e-02	2.626359664155826668e+00
2.480000000000759375e-02	2.649170815456056260e+00
2.485000000000760906e-02	2.669732794014962440e+00
2.490000000000762437e-02	2.692226834616337605e+00
2.495000000000763968e-02	2.714966401043139577e+00
2.500000000000765499e-02	2.737378226198494247e+00
2.505000000000767030e-02	2.757749334484055570e+00
2.510000000000768561e-02	2.779011674086349082e+00
2.515000000000770092e-02	2.804069299122949221e+00
2.520000000000771623e-02	2.828783175137679073e+00
2.525000000000773154e-02	2.854099566469394667e+00
2.530000000000774685e-02	2.878379118834364370e+00
2.535000000000776216e-02	2.902228003894537167e+00
2.540000000000777747e-02	2.928550508825970233e+00
2.545000000000779278e-02	2.954284279092848298e+00
2.550000000000780809e-02	2.979012389410967909e+00
2.555000000000782340e-02	3.005498373486584551e+00
2.560000000000783871e-02	3.032597442386093078e+00
2.565000000000785402e-02	3.059655781305847810e+00
2.570000000000786933e-02	3.087084531882862581e+00
2.575000000000788464e-02	3.115326132680550586e+00
2.580000000000789995e-02	3.146093928719851718e+00
2.585000000000791526e-02	3.177151405262165884e+00
2.590000000000793057e-02	3.209411416007097007e+00
2.595000000000794588e-02	3.238789241291000209e+00
2.600000000000796119e-02	3.268814108015489772e+00
2.605000000000797650e-02	3.298453500988142384e+00
2.610000000000799181e-02	3.330215294387929958e+00
2.615000000000800712e-02	3.361589769458637189e+00
2.620000000000802243e-02	3.393343116035389517e+00
2.625000000000803774e-02	3.425770367200198230e+00
2.630000000000805305e-02	3.458915214818973904e+00
2.635000000000806836e-02	3.491459488332532057e+00
2.640000000000808367e-02	3.522514768588577372e+00
2.645000000000809898e-02	3.553952974500155015e+00
2.650000000000811429e-02	3.585698574989198306e+00
2.655000000000812960e-02	3.619663366078776257e+00
2.660000000000814491e-02	3.656169783368229620e+00
2.665000000000816022e-02	3.695009224256329272e+00
2.670000000000817553e-02	3.735836127408956653e+00
2.675000000000819084e-02	3.778338140536149581e+00
2.680000000000820615e-02	3.818339231792073907e+00
2.685000000000822146e-02	3.858041266321967644e+00
2.690000000000823677e-02	3.897960913799823235e+00
2.695000000000825208e-02	3.940342705427209324e+00
2.700000000000826739e-02	3.984298002756710311e+00
2.705000000000828270e-02	4.027221012963845936e+00
2.710000000000829801e-02	4.073551246997708652e+00
2.715000000000831332e-02	4.120452768877141736e+00
2.720000000000832863e-02	4.166436137400944872e+00
2.725000000000834394e-02	4.214692262826681635e+00
2.730000000000835925e-02	4.263762159432059384e+00
2.735000000000837456e-02	4.312186963680967544e+00
2.740000000000838987e-02	4.363781295359211221e+00
2.745000000000840518e-02	4.417736798592184044e+00
2.750000000000842049e-02	4.472065920915498261e+00
2.755000000000843580e-02	4.526353558500671781e+00
2.760000000000845111e-02	4.580285315390058898e+00
2.765000000000846642e-02	4.635337120391206156e+00
2.770000000000848173e-02	4.692595919877455835e+00
2.775000000000849704e-02	4.750371191754988232e+00
2.780000000000851235e-02	4.809805434845579875e+00
2.785000000000852766e-02	4.872608211078148344e+00
2.790000000000854297e-02	4.935430500554652156e+00
2.795000000000855828e-02	5.000492531600420953e+00
2.800000000000857359e-02	5.068318000957995118e+00
2.805000000000858890e-02	5.137406798423299392e+00
2.810000000000860421e-02	5.208251145354448219e+00
2.815000000000861952e-02	5.281453620153753192e+00
2.820000000000863483e-02	5.358578509059308104e+00
2.825000000000865014e-02	5.436771297187991792e+00
2.830000000000866545e-02	5.515281653549815921e+00
2.835000000000868076e-02	5.595379000047901563e+00
2.840000000000869607e-02	5.676138254636851066e+00
2.845000000000871138e-02	5.761074200463047745e+00
2.850000000000872669e-02	5.848014214019920054e+00
2.855000000000874200e-02	5.936510334146902323e+00
2.860000000000875731e-02	6.025609925513409237e+00
2.865000000000877262e-02	6.119085865576294303e+00
2.870000000000878793e-02	6.214782492688434523e+00
2.875000000000880324e-02	6.314384011585225664e+00
2.880000000000881855e-02	6.414889032816578407e+00
2.885000000000883386e-02	6.515601441205241429e+00
2.890000000000884917e-02	6.618038855295822920e+00
2.895000000000886448e-02	6.723424473533857970e+00
2.900000000000887979e-02	6.831669147378091722e+00
2.905000000000889510e-02	6.942369051642769406e+00
2.910000000000891041e-02	7.055959453288495276e+00
2.915000000000892572e-02	7.174447392463202178e+00
2.920000000000894103e-02	7.293036095993236323e+00
2.925000000000895634e-02	7.408752229693802427e+00
2.930000000000897165e-02	7.525730755677376038e+00
2.935000000000898696e-02	7.645203260210732488e+00
2.940000000000900227e-02	7.770409143903466820e+00
2.945000000000901758e-02	7.897752816808618626e+00
2.950000000000903289e-02	8.034752262452318661e+00
2.955000000000904820e-02	8.176560932504180812e+00
2.960000000000906351e-02	8.316303679513067593e+00
2.965000000000907882e-02	8.455614343233559538e+00
2.970000000000909413e-02	8.596109333130018015e+00
2.975000000000910944e-02	8.730482129740178010e+00
2.980000000000912475e-02	8.867113585386430685e+00
2.985000000000914006e-02	9.002609108229741253e+00
2.990000000000915537e-02	9.146973709392385743e+00
2.995000000000917068e-02	9.291050779134057080e+00
3.000000000000918599e-02	9.432723091206312915e+00
3.005000000000920130e-02	9.587087296040618156e+00
3.010000000000921661e-02	9.750673189015950371e+00
3.015000000000923192e-02	9.903149802065035701e+00
3.020000000000924723e-02	1.005777655963553130e+01
3.025000000000926254e-02	1.022048908956693580e+01
3.030000000000927785e-02	1.038226632270948180e+01
3.035000000000929316e-02	1.054112415605779063e+01
3.040000000000930847e-02	1.069829819999280396e+01
3.045000000000932378e-02	1.086555709726012076e+01
3.050000000000933909e-02	1.103253212573450170e+01
3.055000000000935440e-02	1.119590571328240358e+01
3.060000000000936971e-02	1.135897566893810051e+01
3.065000000000938501e-02	1.152810991470808943e+01
3.070000000000940032e-02	1.169157957446855889e+01
3.075000000000941563e-02	1.184972189429287148e+01
3.080000000000943094e-02	1.199110068897035042e+01
3.085000000000944625e-02	1.214058824777288770e+01
3.090000000000946156e-02	1.229023628698850068e+01
3.095000000000947687e-02	1.244003471211049572e+01
3.100000000000949218e-02	1.259081695764906605e+01
3.105000000000950749e-02	1.275194964471858938e+01
3.110000000000952280e-02	1.289967980819099402e+01
3.115000000000953811e-02	1.304208003865767296e+01
3.120000000000955342e-02	1.317808229716643176e+01
3.125000000000956873e-02	1.330670306582661411e+01
3.130000000000958404e-02	1.342946276273615247e+01
3.135000000000959935e-02	1.355036826001935424e+01
3.140000000000961466e-02	1.366147070092561755e+01
3.145000000000962997e-02	1.377152866513110752e+01
3.150000000000964528e-02	1.386974660451196506e+01
3.155000000000966059e-02	1.395748078386367652e+01
3.160000000000967590e-02	1.403796216525568852e+01
3.165000000000969121e-02	1.411736472021749833e+01
3.170000000000970652e-02	1.420356190159666987e+01
3.175000000000972183e-02	1.427925690753877319e+01
3.180000000000973714e-02	1.435754588368750539e+01
3.185000000000975245e-02	1.443171314164502483e+01
3.190000000000976776e-02	1.449971157693345525e+01
3.195000000000978307e-02	1.455636353340234379e+01
3.200000000000979838e-02	1.459961086457452950e+01
3.205000000000981369e-02	1.463980376196732891e+01
3.210000000000982900e-02	1.467026385239279307e+01
3.215000000000984431e-02	1.469327831309787946e+01
3.220000000000985962e-02	1.471737143369776035e+01
3.225000000000987493e-02	1.473796985302566220e+01
3.230000000000989024e-02	1.475465305290918572e+01
3.235000000000990555e-02	1.476820863335491829e+01
3.240000000000992086e-02	1.477562954031056641e+01
3.245000000000993617e-02	1.478648048768408074e+01
3.250000000000995148e-02	1.480685164215090666e+01
3.255000000000996679e-02	1.482790145181184194e+01
3.260000000000998210e-02	1.485336221933578571e+01
3.265000000000999741e-02	1.487701673492160204e+01
3.270000000001001272e-02	1.490730879760299743e+01
3.275000000001002803e-02	1.493087742534073570e+01
3.280000000001004334e-02	1.494885298671503016e+01
3.285000000001005865e-02	1.496475634773118912e+01
3.290000000001007396e-02	1.497259503141917314e+01
3.295000000001008927e-02	1.497542286359754904e+01
3.300000000001010458e-02	1.497825403798231569e+01
3.305000000001011989e-02	1.497479348246209518e+01
3.310000000001013520e-02	1.496738555897275447e+01
3.315000000001015051e-02	1.495683608228063655e+01
3.320000000001016582e-02	1.494524829285503387e+01
3.325000000001018113e-02	1.493761581030351948e+01
3.330000000001019644e-02	1.492369554099944118e+01
3.335000000001021175e-02	1.491254809584603436e+01
3.340000000001022706e-02	1.490209366220210896e+01
3.345000000001024237e-02	1.489628875941719421e+01
3.350000000001025768e-02	1.489037618364490179e+01
3.355000000001027299e-02	1.488184075116652494e+01
3.360000000001028830e-02	1.487318378003240404e+01
3.365000000001030361e-02	1.485642422141137331e+01
3.370000000001031892e-02	1.483720955391548202e+01
3.375000000001033423e-02	1.481840542007529038e+01
3.380000000001034954e-02	1.480160203613051451e+01
3.385000000001036485e-02	1.478746391303666563e+01
3.390000000001038016e-02	1.477851310815657726e+01
3.395000000001039547e-02	1.477167671157423534e+01
3.400000000001041078e-02	1.476712668913499371e+01
3.405000000001042609e-02	1.476518087773835930e+01
3.410000000001044140e-02	1.476673742504588382e+01
3.415000000001045671e-02	1.476124403788532113e+01
3.420000000001047202e-02	1.475191855285033427e+01
3.425000000001048733e-02	1.475016091339388424e+01
3.430000000001050264e-02	1.474689332673436759e+01
3.435000000001051795e-02	1.474545773344863875e+01
3.440000000001053326e-02	1.474161445285617233e+01
3.445000000001054857e-02	1.473517780524212206e+01
3.450000000001056388e-02	1.472452227391249835e+01
3.455000000001057919e-02	1.471277568939282965e+01
3.460000000001059450e-02	1.470289150762721420e+01
3.465000000001060981e-02	1.469428835809644340e+01
3.470000000001062512e-02	1.468716475619137896e+01
3.475000000001064043e-02	1.468438837471131819e+01
3.480000000001065574e-02	1.468378986126429098e+01
3.485000000001067105e-02	1.468358836975150972e+01
3.490000000001068636e-02	1.468110901449213301e+01
3.495000000001070167e-02	1.467675216920692804e+01
3.500000000001071698e-02	1.466790908727522691e+01
3.505000000001073229e-02	1.466145522286188196e+01
3.510000000001074760e-02	1.465717097858389195e+01
3.515000000001076291e-02	1.464987945182285500e+01
3.520000000001077822e-02	1.464369027384389632e+01
3.525000000001079353e-02	1.463569935142501421e+01
3.530000000001080884e-02	1.462523131522446818e+01
3.535000000001082415e-02	1.461464624437797077e+01
3.540000000001083946e-02	1.460447346151658721e+01
3.545000000001085477e-02	1.459769376980796807e+01
3.550000000001087008e-02	1.459317083178224195e+01
3.555000000001088539e-02	1.459231222243444215e+01
3.560000000001090070e-02	1.459513444960781392e+01
3.565000000001091601e-02	1.459571094907257383e+01
3.570000000001093132e-02	1.459470310351843025e+01
3.575000000001094663e-02	1.459013764241764655e+01
3.580000000001096194e-02	1.458532826848063557e+01
3.585000000001097725e-02	1.458025784085897136e+01
3.590000000001099256e-02	1.457627663150294950e+01
3.595000000001100787e-02	1.457143156552370122e+01
3.600000000001102318e-02	1.456362949090297043e+01
3.605000000001103849e-02	1.455507677120721155e+01
3.610000000001105380e-02	1.454865343053370275e+01
3.615000000001106911e-02	1.454378369711250585e+01
3.620000000001108442e-02	1.453972140054140638e+01
3.625000000001109973e-02	1.453872635933301538e+01
3.630000000001111504e-02	1.453796069176209116e+01
3.635000000001113035e-02	1.453636372557502376e+01
3.640000000001114566e-02	1.453523039299791897e+01
3.645000000001116097e-02	1.453350569985086516e+01
3.650000000001117628e-02	1.452953371903794100e+01
3.655000000001119159e-02	1.452276495038286797e+01
3.660000000001120690e-02	1.451460599631398907e+01
3.665000000001122221e-02	1.450673675186070710e+01
3.670000000001123752e-02	1.450050433781617443e+01
3.675000000001125283e-02	1.449687118451122281e+01
3.680000000001126814e-02	1.449364196317876541e+01
3.685000000001128345e-02	1.449208420608781900e+01
3.690000000001129876e-02	1.448982483188878589e+01
3.695000000001131407e-02	1.448759970070615211e+01
3.700000000001132938e-02	1.448365550414052727e+01
3.705000000001134469e-02	1.447966111794413102e+01
3.710000000001136000e-02	1.447646088546887455e+01
3.715000000001137531e-02	1.447215406633162793e+01
3.720000000001139062e-02	1.446637770165003190e+01
3.725000000001140593e-02	1.446175374820139226e+01
3.730000000001142124e-02	1.445851690766578912e+01
3.735000000001143655e-02	1.445298967212978170e+01
3.740000000001145186e-02	1.444539205737232201e+01
3.745000000001146717e-02	1.443818711098684915e+01
3.750000000001148248e-02	1.443239776403282271e+01
3.755000000001149779e-02	1.442833892803800033e+01
3.760000000001151310e-02	1.442398674127438696e+01
3.765000000001152841e-02	1.442078399835877356e+01
3.770000000001154372e-02	1.441913951976343000e+01
3.775000000001155903e-02	1.441725222875848722e+01
3.780000000001157434e-02	1.441676300307264214e+01
3.785000000001158965e-02	1.441830294698157111e+01
3.790000000001160496e-02	1.442147747944511949e+01
3.795000000001162027e-02	1.442299935753292317e+01
3.800000000001163558e-02	1.442326503399802284e+01
3.805000000001165089e-02	1.442139121309177519e+01
3.810000000001166620e-02	1.441590834361241846e+01
3.815000000001168151e-02	1.440879088542393127e+01
3.820000000001169682e-02	1.440327088589272186e+01
3.825000000001171213e-02	1.439775482408977503e+01
3.830000000001172744e-02	1.439193114258149642e+01
3.835000000001174275e-02	1.438471527865007893e+01
3.840000000001175806e-02	1.438041332958447427e+01
3.845000000001177337e-02	1.437913383172513804e+01
3.850000000001178868e-02	1.437689391772426717e+01
3.855000000001180399e-02	1.437388852535820050e+01
3.860000000001181930e-02	1.437193997051973149e+01
3.865000000001183461e-02	1.437018810686749326e+01
3.870000000001184992e-02	1.436739014536101955e+01
3.875000000001186523e-02	1.436592442032693029e+01
3.880000000001188054e-02	1.436444640357774283e+01
3.885000000001189585e-02	1.435971209879798849e+01
3.890000000001191116e-02	1.435460165605954863e+01
3.895000000001192647e-02	1.435052885660023314e+01
3.900000000001194178e-02	1.434784845505647155e+01
3.905000000001195709e-02	1.434682931556748287e+01
3.910000000001197240e-02	1.434552777424385539e+01
3.915000000001198771e-02	1.434531288913301950e+01
3.920000000001200302e-02	1.434568305543607813e+01
3.925000000001201833e-02	1.434649251443790874e+01
3.930000000001203364e-02	1.434659407258687658e+01
3.935000000001204895e-02	1.434755068944225442e+01
3.940000000001206426e-02	1.434734009331732807e+01
3.945000000001207957e-02	1.434587746770596084e+01
3.950000000001209488e-02	1.434288079168773677e+01
3.955000000001211019e-02	1.433941609669997774e+01
3.960000000001212550e-02	1.433536650263186907e+01
3.965000000001214081e-02	1.433083125787643297e+01
3.970000000001215612e-02	1.432697442824740719e+01
3.975000000001217143e-02	1.432157101068775518e+01
3.980000000001218674e-02	1.431699873765322728e+01
3.985000000001220205e-02	1.431464380879743459e+01
3.990000000001221736e-02	1.431398350928721719e+01
3.995000000001223267e-02	1.431450509632021451e+01
4.000000000001224798e-02	1.431566645984066710e+01
4.005000000001226329e-02	1.431536621047456670e+01
4.010000000001227860e-02	1.431494171872402887e+01
4.015000000001229391e-02	1.431286755345677086e+01
4.020000000001230922e-02	1.430868641644474692e+01
4.025000000001232453e-02	1.430457104484955444e+01
4.030000000001233984e-02	1.430254616931077294e+01
4.035000000001235515e-02	1.429880655568556769e+01
4.040000000001237046e-02	1.429534609406867496e+01
4.045000000001238577e-02	1.429267287035957956e+01
4.050000000001240108e-02	1.429186344749418858e+01
4.055000000001241639e-02	1.429241570967458230e+01
4.060000000001243170e-02	1.429545589951909612e+01
4.065000000001244701e-02	1.429733731998734569e+01
4.070000000001246232e-02	1.429797598602973707e+01
4.075000000001247763e-02	1.429701383351909527e+01
4.080000000001249294e-02	1.429741806928509007e+01
4.085000000001250825e-02	1.429686526975033090e+01
4.090000000001252356e-02	1.429414025036306057e+01
4.095000000001253887e-02	1.429035152241065276e+01
4.100000000001255418e-02	1.428714170086714219e+01
4.105000000001256949e-02	1.428527507004944752e+01
4.110000000001258480e-02	1.428295371558041893e+01
4.115000000001260011e-02	1.428092259281551968e+01
4.120000000001261542e-02	1.427989611956750693e+01
4.125000000001263073e-02	1.428018271732762479e+01
4.130000000001264604e-02	1.428156669876565488e+01
4.135000000001266135e-02	1.428240841986667142e+01
4.140000000001267666e-02	1.428200165426066448e+01
4.145000000001269197e-02	1.428079041516297742e+01
4.150000000001270728e-02	1.427877383257037636e+01
4.155000000001272259e-02	1.427704928022139796e+01
4.160000000001273790e-02	1.427554363997226794e+01
4.165000000001275321e-02	1.427406950218895254e+01
4.170000000001276852e-02	1.427289413222121972e+01
4.175000000001278383e-02	1.427110758972069071e+01
4.180000000001279914e-02	1.426920050523849604e+01
4.185000000001281445e-02	1.426648106442355513e+01
4.190000000001282976e-02	1.426640901688653074e+01
4.195000000001284507e-02	1.426644078468505050e+01
4.200000000001286038e-02	1.426699783084875683e+01
4.205000000001287569e-02	1.426727230664933721e+01
4.210000000001289100e-02	1.426733096929089228e+01
4.215000000001290631e-02	1.426654719441010144e+01
4.220000000001292162e-02	1.426588088456298742e+01
4.225000000001293693e-02	1.426611961222351255e+01
4.230000000001295224e-02	1.426732217662240210e+01
4.235000000001296755e-02	1.426670565441785854e+01
4.240000000001298286e-02	1.426407457881098750e+01
4.245000000001299817e-02	1.426451535135558046e+01
4.250000000001301348e-02	1.426490843122215857e+01
4.255000000001302879e-02	1.426472387547144116e+01
4.260000000001304410e-02	1.426492415751986265e+01
4.265000000001305941e-02	1.426483162958096429e+01
4.270000000001307472e-02	1.426503633781835667e+01
4.275000000001309003e-02	1.426470842429974972e+01
4.280000000001310534e-02	1.426482943526555225e+01
4.285000000001312065e-02	1.426347540056515051e+01
4.290000000001313596e-02	1.426257515004889775e+01
4.295000000001315127e-02	1.426180829563399577e+01
4.300000000001316658e-02	1.426211449194275183e+01
4.305000000001318189e-02	1.426109365433417864e+01
4.310000000001319720e-02	1.425953415771173205e+01
4.315000000001321251e-02	1.425781499936152130e+01
4.320000000001322782e-02	1.425601723108055019e+01
4.325000000001324313e-02	1.425433934306974137e+01
4.330000000001325844e-02	1.425330707887053983e+01
4.335000000001327375e-02	1.425525519073251246e+01
4.340000000001328906e-02	1.425645358181665578e+01
4.345000000001330437e-02	1.425633504204192015e+01
4.350000000001331968e-02	1.425555155447317190e+01
4.355000000001333499e-02	1.425477890153569405e+01
4.360000000001335030e-02	1.425426009924789739e+01
4.365000000001336561e-02	1.425372180245233800e+01
4.370000000001338092e-02	1.425291470972382335e+01
4.375000000001339623e-02	1.425227122407727798e+01
4.380000000001341154e-02	1.425150420718675193e+01
4.385000000001342685e-02	1.425177144338448620e+01
4.390000000001344216e-02	1.425129551229828451e+01
4.395000000001345747e-02	1.425008947562309203e+01
4.400000000001347278e-02	1.424933619905113602e+01
4.405000000001348809e-02	1.424665317407190734e+01
4.410000000001350340e-02	1.424332431266976151e+01
4.415000000001351871e-02	1.424220770441662864e+01
4.420000000001353402e-02	1.424195454040965991e+01
4.425000000001354933e-02	1.424261465594898191e+01
4.430000000001356464e-02	1.424365211940898845e+01
4.435000000001357995e-02	1.424538561374957801e+01
4.440000000001359526e-02	1.424742304356860423e+01
4.445000000001361057e-02	1.424737199636401641e+01
4.450000000001362588e-02	1.424772436965794853e+01
4.455000000001364119e-02	1.424848419749542927e+01
4.460000000001365650e-02	1.424703939984237522e+01
4.465000000001367181e-02	1.424460539881611787e+01
4.470000000001368712e-02	1.424334312795951796e+01
4.475000000001370243e-02	1.424252722113274494e+01
4.480000000001371774e-02	1.424160457015938519e+01
4.485000000001373305e-02	1.424022917946772537e+01
4.490000000001374836e-02	1.423893241922341879e+01
4.495000000001376367e-02	1.423748054552695663e+01
4.500000000001377898e-02	1.423677778903119950e+01
4.505000000001379429e-02	1.423631484902760924e+01
4.510000000001380960e-02	1.423724620273153718e+01
4.515000000001382491e-02	1.423783331546357722e+01
4.520000000001384022e-02	1.423589024845444939e+01
4.525000000001385553e-02	1.423346750633827362e+01
4.530000000001387084e-02	1.423257115242221538e+01
4.535000000001388615e-02	1.423121831817223359e+01
4.540000000001390146e-02	1.422860869687823993e+01
4.545000000001391677e-02	1.422713935884562808e+01
4.550000000001393208e-02	1.422713517096720892e+01
4.555000000001394739e-02	1.422691857641632218e+01
4.560000000001396270e-02	1.422583624698655314e+01
4.565000000001397801e-02	1.422482449346217592e+01
4.570000000001399332e-02	1.422627278798509209e+01
4.575000000001400863e-02	1.422884516220038265e+01
4.580000000001402394e-02	1.422933301365453573e+01
4.585000000001403925e-02	1.422913790745418439e+01
4.590000000001405456e-02	1.422981453642801952e+01
4.595000000001406987e-02	1.422839924617970908e+01
4.600000000001408518e-02	1.422536211160316810e+01
4.605000000001410049e-02	1.422216379798975439e+01
4.610000000001411580e-02	1.421997082200901552e+01
4.615000000001413111e-02	1.421779461809659395e+01
4.620000000001414642e-02	1.421606441763542072e+01
4.625000000001416173e-02	1.421267237700428154e+01
4.630000000001417704e-02	1.421132190697010955e+01
4.635000000001419235e-02	1.421195590817151988e+01
4.640000000001420766e-02	1.421227169743728425e+01
4.645000000001422297e-02	1.421214202711309760e+01
4.650000000001423828e-02	1.421024910952818843e+01
4.655000000001425359e-02	1.420969914272438217e+01
4.660000000001426890e-02	1.420775409585803928e+01
4.665000000001428421e-02	1.420403405672896824e+01
4.670000000001429952e-02	1.419898181052669273e+01
4.675000000001431483e-02	1.419553941427864885e+01
4.680000000001433014e-02	1.419291962485698377e+01
4.685000000001434545e-02	1.419163257199900841e+01
4.690000000001436076e-02	1.419132074728512904e+01
4.695000000001437607e-02	1.419223514031694400e+01
4.700000000001439138e-02	1.419298359215533445e+01
4.705000000001440669e-02	1.419323710774733627e+01
4.710000000001442200e-02	1.419232231678347134e+01
4.715000000001443731e-02	1.419311225391177977e+01
4.720000000001445262e-02	1.419398233737417492e+01
4.725000000001446793e-02	1.419284894164904642e+01
4.730000000001448324e-02	1.419019089884909768e+01
4.735000000001449855e-02	1.418795433496522129e+01
4.740000000001451386e-02	1.418588689520426627e+01
4.745000000001452917e-02	1.418375834764622745e+01
4.750000000001454448e-02	1.418363410811481984e+01
4.755000000001455979e-02	1.418648506766924910e+01
4.760000000001457510e-02	1.418728717220999158e+01
4.765000000001459041e-02	1.418660103591230737e+01
4.770000000001460572e-02	1.418617634862533805e+01
4.775000000001462103e-02	1.418479187150030540e+01
4.780000000001463634e-02	1.418301366457420443e+01
4.785000000001465165e-02	1.418102221019375264e+01
4.790000000001466696e-02	1.417693917451277130e+01
4.795000000001468227e-02	1.417329367460690648e+01
4.800000000001469758e-02	1.417149453060393327e+01
4.805000000001471289e-02	1.416903349989226335e+01
4.810000000001472820e-02	1.416642851137367209e+01
4.815000000001474351e-02	1.416478528967954631e+01
4.820000000001475882e-02	1.416418511476882358e+01
4.825000000001477413e-02	1.416388345399709969e+01
4.830000000001478944e-02	1.416494028422368778e+01
4.835000000001480475e-02	1.416657472559229802e+01
4.840000000001482006e-02	1.416812858391394769e+01
4.845000000001483537e-02	1.416679283183435700e+01
4.850000000001485068e-02	1.416512904506251935e+01
4.855000000001486599e-02	1.416295314804584748e+01
4.860000000001488130e-02	1.416345825511759493e+01
4.865000000001489661e-02	1.416431723481891325e+01
4.870000000001491192e-02	1.416431010284315484e+01
4.875000000001492723e-02	1.416452040033464499e+01
4.880000000001494254e-02	1.416556513087547309e+01
4.885000000001495785e-02	1.416629890825700855e+01
4.890000000001497316e-02	1.416633982118378299e+01
4.895000000001498847e-02	1.416719436513872488e+01
4.900000000001500378e-02	1.416873805737094472e+01
4.905000000001501909e-02	1.417010367410945726e+01
4.910000000001503440e-02	1.416936758953083952e+01
4.915000000001504971e-02	1.416788086399062330e+01
4.920000000001506502e-02	1.416774154615410097e+01
4.925000000001508033e-02	1.416600225752318920e+01
4.930000000001509564e-02	1.416298963241272268e+01
4.935000000001511095e-02	1.416099234714894806e+01
4.940000000001512626e-02	1.416184085016047334e+01
4.945000000001514157e-02	1.416251410178544745e+01
4.950000000001515688e-02	1.416328076402610670e+01
4.955000000001517219e-02	1.416382422473361835e+01
4.960000000001518750e-02	1.416587335205547227e+01
4.965000000001520281e-02	1.416947313197121971e+01
4.970000000001521812e-02	1.417236064526273509e+01
4.975000000001523343e-02	1.417280903732970820e+01
4.980000000001524874e-02	1.417124204324003500e+01
4.985000000001526405e-02	1.416971653735905612e+01
4.990000000001527936e-02	1.416687371815806529e+01
4.995000000001529467e-02	1.416556257158515564e+01
5.000000000001530998e-02	1.416400041842976520e+01
5.005000000001532529e-02	1.416134091170225595e+01
5.010000000001534060e-02	1.416152604111514179e+01
5.015000000001535591e-02	1.416140546283133261e+01
5.020000000001537122e-02	1.416193185092551587e+01
5.025000000001538653e-02	1.416362921306558498e+01
5.030000000001540184e-02	1.416520674223044907e+01
5.035000000001541715e-02	1.416732652610428467e+01
5.040000000001543246e-02	1.416874393545327848e+01
5.045000000001544777e-02	1.416919212377934478e+01
5.050000000001546308e-02	1.417092903231732848e+01
5.055000000001547839e-02	1.417185387578650335e+01
5.060000000001549370e-02	1.416965994869531542e+01
5.065000000001550901e-02	1.416781976766481321e+01
5.070000000001552432e-02	1.416728082181750104e+01
5.075000000001553963e-02	1.416803295035624011e+01
5.080000000001555494e-02	1.416891640129346897e+01
5.085000000001557025e-02	1.416909845238949117e+01
5.090000000001558556e-02	1.417008401296819287e+01
5.095000000001560087e-02	1.417211906305982083e+01
5.100000000001561618e-02	1.417740619029927629e+01
5.105000000001563148e-02	1.418052764646342290e+01
5.110000000001564679e-02	1.418049816627026338e+01
5.115000000001566210e-02	1.418025632755151122e+01
5.120000000001567741e-02	1.418024237237131047e+01
5.125000000001569272e-02	1.418118127062276912e+01
5.130000000001570803e-02	1.418183384357969778e+01
5.135000000001572334e-02	1.418341098061118899e+01
5.140000000001573865e-02	1.418581858812182084e+01
5.145000000001575396e-02	1.418843718116318797e+01
5.150000000001576927e-02	1.419023920954760243e+01
5.155000000001578458e-02	1.419323791965226533e+01
5.160000000001579989e-02	1.419512061367743350e+01
5.165000000001581520e-02	1.419687203490394012e+01
5.170000000001583051e-02	1.419797505875255439e+01
5.175000000001584582e-02	1.420005244054155469e+01
5.180000000001586113e-02	1.420463100848424176e+01
5.185000000001587644e-02	1.420784488068210472e+01
5.190000000001589175e-02	1.420992108837512369e+01
5.195000000001590706e-02	1.421219640227652548e+01
5.200000000001592237e-02	1.421503165452953610e+01
5.205000000001593768e-02	1.421620472180192785e+01
5.210000000001595299e-02	1.421899656970246006e+01
5.215000000001596830e-02	1.422092693068164238e+01
5.220000000001598361e-02	1.422191223068642252e+01
5.225000000001599892e-02	1.422276964930674303e+01
5.230000000001601423e-02	1.422506885881435501e+01
5.235000000001602954e-02	1.422619339303368768e+01
5.240000000001604485e-02	1.422729858926797597e+01
5.245000000001606016e-02	1.423009875520448730e+01
5.250000000001607547e-02	1.423393293496974010e+01
5.255000000001609078e-02	1.423766086262444830e+01
5.260000000001610609e-02	1.424127043013217531e+01
5.265000000001612140e-02	1.424420760604539460e+01
5.270000000001613671e-02	1.424631801551985788e+01
5.275000000001615202e-02	1.424720950937222419e+01
5.280000000001616733e-02	1.424950219111161864e+01
5.285000000001618264e-02	1.425221978244915988e+01
5.290000000001619795e-02	1.425443302295779979e+01
5.295000000001621326e-02	1.425679884835788869e+01
5.300000000001622857e-02	1.425955789688514486e+01
5.305000000001624388e-02	1.426169205347085267e+01
5.310000000001625919e-02	1.426391101405961059e+01
5.315000000001627450e-02	1.426718917332483727e+01
5.320000000001628981e-02	1.427103072686183616e+01
5.325000000001630512e-02	1.427553205629328836e+01
5.330000000001632043e-02	1.427949792067750856e+01
5.335000000001633574e-02	1.428231604842827629e+01
5.340000000001635105e-02	1.428511346237822366e+01
5.345000000001636636e-02	1.428860382944662533e+01
5.350000000001638167e-02	1.429212050896294883e+01
5.355000000001639698e-02	1.429555075433893130e+01
5.360000000001641229e-02	1.429729409401491402e+01
5.365000000001642760e-02	1.429967339514227120e+01
5.370000000001644291e-02	1.430157332176955087e+01
5.375000000001645822e-02	1.430396653879204294e+01
5.380000000001647353e-02	1.430750129673261029e+01
5.385000000001648884e-02	1.431126296519128971e+01
5.390000000001650415e-02	1.431584971286159558e+01
5.395000000001651946e-02	1.432016670078760434e+01
5.400000000001653477e-02	1.432565438084347242e+01
5.405000000001655008e-02	1.433114896815787986e+01
5.410000000001656539e-02	1.433593105634052023e+01
5.415000000001658070e-02	1.433933407914425828e+01
5.420000000001659601e-02	1.434128145169457014e+01
5.425000000001661132e-02	1.434376693410191983e+01
5.430000000001662663e-02	1.434690940285985938e+01
5.435000000001664194e-02	1.434966498795618506e+01
5.440000000001665725e-02	1.435249811090994498e+01
5.445000000001667256e-02	1.435610294633921136e+01
5.450000000001668787e-02	1.436025948014974851e+01
5.455000000001670318e-02	1.436446180553851448e+01
5.460000000001671849e-02	1.436821728682455301e+01
5.465000000001673380e-02	1.437240564691606082e+01
5.470000000001674911e-02	1.437676972904160522e+01
5.475000000001676442e-02	1.437943704187391525e+01
5.480000000001677973e-02	1.438270084149496064e+01
5.485000000001679504e-02	1.438675641327788135e+01
5.490000000001681035e-02	1.439014053314020281e+01
5.495000000001682566e-02	1.439410127456813626e+01
5.500000000001684097e-02	1.439725492944364227e+01
5.505000000001685628e-02	1.440159896174461629e+01
5.510000000001687159e-02	1.440617693876205330e+01
5.515000000001688690e-02	1.440828606095051434e+01
5.520000000001690221e-02	1.440977367716203617e+01
5.525000000001691752e-02	1.441292015482392941e+01
5.530000000001693283e-02	1.441835484026340275e+01
5.535000000001694814e-02	1.442456733559816762e+01
5.540000000001696345e-02	1.443116437019782339e+01
5.545000000001697876e-02	1.443760046239743389e+01
5.550000000001699407e-02	1.444308868913389077e+01
5.555000000001700938e-02	1.444896952498920228e+01
5.560000000001702469e-02	1.445307576933048210e+01
5.565000000001704000e-02	1.445603372364288575e+01
5.570000000001705531e-02	1.445939789572748246e+01
5.575000000001707062e-02	1.446410808260122138e+01
5.580000000001708593e-02	1.446886202031884849e+01
5.585000000001710124e-02	1.447403064284584673e+01
5.590000000001711655e-02	1.448100311303903354e+01
5.595000000001713186e-02	1.448717814733828746e+01
5.600000000001714717e-02	1.449374358786479711e+01
5.605000000001716248e-02	1.450173108502936792e+01
5.610000000001717779e-02	1.450761092622292736e+01
5.615000000001719310e-02	1.451244872374708095e+01
5.620000000001720841e-02	1.451674151057189199e+01
5.625000000001722372e-02	1.452144610787275703e+01
5.630000000001723903e-02	1.452605153871182075e+01
5.635000000001725434e-02	1.452907011990432196e+01
5.640000000001726965e-02	1.453269587170340493e+01
5.645000000001728496e-02	1.453730214645874774e+01
5.650000000001730027e-02	1.454248816111001830e+01
5.655000000001731558e-02	1.454851735278767855e+01
5.660000000001733089e-02	1.455579998751878001e+01
5.665000000001734620e-02	1.456465509110620360e+01
5.670000000001736151e-02	1.457140598778614837e+01
5.675000000001737682e-02	1.457628248449423758e+01
5.680000000001739213e-02	1.458154186955152021e+01
5.685000000001740744e-02	1.458605395238411973e+01
5.690000000001742275e-02	1.459064603584088538e+01
5.695000000001743806e-02	1.459481685205501122e+01
5.700000000001745337e-02	1.460123049758191627e+01
5.705000000001746868e-02	1.460869144317550550e+01
5.710000000001748399e-02	1.461612945202468694e+01
5.715000000001749930e-02	1.462487265379587242e+01
5.720000000001751461e-02	1.463443651870332296e+01
5.725000000001752992e-02	1.464356607602237403e+01
5.730000000001754523e-02	1.465334879016146630e+01
5.735000000001756054e-02	1.466452513849158557e+01
5.740000000001757585e-02	1.467524449076165816e+01
5.745000000001759116e-02	1.468246274158117792e+01
5.750000000001760647e-02	1.468830206973572317e+01
5.755000000001762178e-02	1.469425299505824611e+01
5.760000000001763709e-02	1.470078859098140356e+01
5.765000000001765240e-02	1.470712289940668782e+01
5.770000000001766771e-02	1.471496117525129854e+01
5.775000000001768302e-02	1.472451532852468681e+01
5.780000000001769833e-02	1.473524493420257109e+01
5.785000000001771364e-02	1.474554691141442220e+01
5.790000000001772895e-02	1.475670720747357478e+01
5.795000000001774426e-02	1.476856703623485600e+01
5.800000000001775957e-02	1.477999594372397496e+01
5.805000000001777488e-02	1.478944184686184293e+01
5.810000000001779019e-02	1.479897121311952191e+01
5.815000000001780550e-02	1.481039382912861058e+01
5.820000000001782081e-02	1.482100958591406403e+01
5.825000000001783612e-02	1.483266074797337453e+01
5.830000000001785143e-02	1.484422209267037296e+01
5.835000000001786674e-02	1.485832623911617389e+01
5.840000000001788205e-02	1.487354986246249844e+01
5.845000000001789736e-02	1.489090359335635760e+01
5.850000000001791267e-02	1.491064590250367949e+01
5.855000000001792798e-02	1.493416146179950310e+01
5.860000000001794329e-02	1.496197416777328115e+01
5.865000000001795860e-02	1.499560233261051323e+01
5.870000000001797391e-02	1.503603587736093417e+01
5.875000000001798922e-02	1.508642106807576688e+01
5.880000000001800453e-02	1.514813668293586701e+01
5.885000000001801984e-02	1.522480000910293718e+01
5.890000000001803515e-02	1.531642138673559295e+01
5.895000000001805046e-02	1.542259390681381426e+01
5.900000000001806577e-02	1.554709141469408706e+01
5.905000000001808108e-02	1.568924658719545207e+01
5.910000000001809639e-02	1.585302563318029456e+01
5.915000000001811170e-02	1.604326078864995253e+01
5.920000000001812701e-02	1.626514257303793798e+01
5.925000000001814232e-02	1.652093544140815595e+01
5.930000000001815763e-02	1.681849164885941406e+01
5.935000000001817294e-02	1.716735499818709343e+01
5.940000000001818825e-02	1.757614045584457330e+01
5.945000000001820356e-02	1.805242269860085358e+01
5.950000000001821887e-02	1.860327922004777434e+01
5.955000000001823418e-02	1.924225252682434828e+01
5.960000000001824949e-02	1.999067394837371481e+01
5.965000000001826480e-02	2.087255700060070396e+01
5.970000000001828011e-02	2.191466423331304014e+01
5.975000000001829542e-02	2.315682704900421029e+01
5.980000000001831073e-02	2.464639316148454284e+01
5.985000000001832604e-02	2.644100686590475746e+01
5.990000000001834135e-02	2.860932776448025194e+01
5.995000000001835666e-02	3.122406904985968268e+01
6.000000000001837197e-02	3.436087403385430150e+01
6.005000000001838728e-02	3.804117975475816138e+01
6.010000000001840259e-02	4.136896746635496669e+01
6.015000000001841790e-02	4.404332635892183845e+01
6.020000000001843321e-02	4.579109372873713824e+01
6.025000000001844852e-02	4.708604359054899646e+01
6.030000000001846383e-02	4.792636205345811362e+01
6.035000000001847914e-02	4.863365123544886615e+01
6.040000000001849445e-02	4.900157211369717913e+01
6.045000000001850976e-02	4.912216768639638076e+01
6.050000000001852507e-02	4.905794455231709605e+01
6.055000000001854038e-02	4.876628712250037978e+01
6.060000000001855569e-02	4.840642219672330526e+01
6.065000000001857100e-02	4.791552163985250701e+01
6.070000000001858631e-02	4.742633745111324828e+01
6.075000000001860162e-02	4.700916799888749154e+01
6.080000000001861693e-02	4.651749474597479406e+01
6.085000000001863224e-02	4.612536265370287936e+01
6.090000000001864755e-02	4.569402793682490227e+01
6.095000000001866286e-02	4.532201851722716412e+01
6.100000000001867817e-02	4.495397236401343832e+01
6.105000000001869348e-02	4.463791251123188886e+01
6.110000000001870879e-02	4.433771746691938631e+01
6.115000000001872410e-02	4.405481079380899700e+01
6.120000000001873941e-02	4.384710824248173111e+01
6.125000000001875472e-02	4.356986237101112636e+01
6.130000000001877003e-02	4.335366605197100398e+01
6.135000000001878534e-02	4.307056488271575745e+01
6.140000000001880065e-02	4.284490061217779555e+01
6.145000000001881596e-02	4.259874100160955379e+01
6.150000000001883127e-02	4.241058483221925712e+01
6.155000000001884658e-02	4.218563731189430399e+01
6.160000000001886189e-02	4.198979045172071523e+01
6.165000000001887720e-02	4.178731826698201246e+01
6.170000000001889251e-02	4.155630517649591127e+01
6.175000000001890782e-02	4.137156733953548127e+01
6.180000000001892313e-02	4.114394971859726269e+01
6.185000000001893844e-02	4.096231104849731963e+01
6.190000000001895375e-02	4.073778759709156816e+01
6.195000000001896906e-02	4.057210689763375910e+01
6.200000000001898437e-02	4.036540875089229274e+01
6.205000000001899968e-02	4.020318919033429950e+01
6.210000000001901499e-02	4.000185448348472050e+01
6.215000000001903030e-02	3.982257908167551363e+01
6.220000000001904561e-02	3.966903528420954927e+01
6.225000000001906092e-02	3.950212387198849484e+01
6.230000000001907623e-02	3.935429994487529370e+01
6.235000000001909154e-02	3.919961646204637162e+01
6.240000000001910685e-02	3.905883136982622972e+01
6.245000000001912216e-02	3.889833268100667851e+01
6.250000000001913747e-02	3.875386314988292469e+01
6.255000000001914584e-02	3.858936620901243231e+01
6.260000000001916809e-02	3.845160062137255608e+01
6.265000000001919034e-02	3.829621866409807041e+01
6.270000000001919871e-02	3.816237744578663893e+01
6.275000000001920708e-02	3.800875660706238079e+01
6.280000000001922933e-02	3.787442625611227243e+01
6.285000000001925158e-02	3.773171094450237462e+01
6.290000000001925995e-02	3.759411775273672163e+01
6.295000000001926832e-02	3.746054266068752980e+01
6.300000000001929057e-02	3.733291254394336534e+01
6.305000000001931282e-02	3.721008133606001422e+01
6.310000000001932119e-02	3.708145970547788295e+01
6.315000000001932956e-02	3.696319514955998642e+01
6.320000000001935181e-02	3.683617935986788439e+01
6.325000000001937406e-02	3.673162332647047634e+01
6.330000000001938243e-02	3.660440433341038613e+01
6.335000000001939080e-02	3.649880838721031040e+01
6.340000000001941305e-02	3.637255330138574294e+01
6.345000000001943530e-02	3.626154471844107974e+01
6.350000000001944367e-02	3.614411519300887221e+01
6.355000000001945204e-02	3.604858347126012319e+01
6.360000000001947429e-02	3.594976113953664765e+01
6.365000000001949654e-02	3.585952006322737873e+01
6.370000000001950491e-02	3.576055049320261503e+01
6.375000000001951328e-02	3.567840624597949528e+01
6.380000000001953553e-02	3.558916981343075747e+01
6.385000000001955778e-02	3.550176991627863998e+01
6.390000000001956615e-02	3.540860989468765041e+01
6.395000000001957452e-02	3.532491626766852733e+01
6.400000000001959677e-02	3.523588639233621223e+01
6.405000000001961902e-02	3.515610596589838366e+01
6.410000000001962739e-02	3.507687678224353789e+01
6.415000000001963576e-02	3.499855020060889643e+01
6.420000000001965801e-02	3.493011142242179545e+01
6.425000000001968026e-02	3.485899349018886539e+01
6.430000000001968863e-02	3.478922177457275922e+01
6.435000000001969700e-02	3.471191621521080606e+01
6.440000000001971925e-02	3.464114720453565610e+01
6.445000000001974150e-02	3.456234336564163812e+01
6.450000000001974987e-02	3.449864115016794841e+01
6.455000000001975824e-02	3.442750722246900352e+01
6.460000000001978049e-02	3.436630323504650875e+01
6.465000000001980274e-02	3.429745524125521428e+01
6.470000000001981111e-02	3.424315402032121369e+01
6.475000000001981948e-02	3.417875934250822212e+01
6.480000000001984173e-02	3.412804831903148539e+01
6.485000000001986398e-02	3.406193238157701586e+01
6.490000000001987235e-02	3.400536880637350379e+01
6.495000000001988072e-02	3.394024788280754734e+01
6.500000000001990297e-02	3.388400150745157191e+01
6.505000000001992522e-02	3.381930384522975430e+01
6.510000000001993359e-02	3.376835947811927241e+01
6.515000000001994196e-02	3.370914941580536350e+01
6.520000000001996421e-02	3.366024904780712745e+01
6.525000000001998646e-02	3.360179466349153188e+01
6.530000000001999483e-02	3.355534866383082715e+01
6.535000000002000320e-02	3.350215941300626099e+01
6.540000000002002545e-02	3.345811191117792305e+01
6.545000000002004770e-02	3.340850185268765671e+01
6.550000000002005607e-02	3.336389935033001564e+01
6.555000000002006444e-02	3.331796410856679103e+01
6.560000000002008669e-02	3.327599225775867353e+01
6.565000000002010894e-02	3.323038629557073875e+01
6.570000000002011731e-02	3.319088195323720925e+01
6.575000000002012568e-02	3.314749048221680283e+01
6.580000000002014793e-02	3.311061222430632967e+01
6.585000000002017018e-02	3.306741187218106859e+01
6.590000000002017855e-02	3.303112922801218332e+01
6.595000000002018692e-02	3.299174984525387089e+01
6.600000000002020917e-02	3.295471769557912012e+01
6.605000000002023142e-02	3.291271800013684157e+01
6.610000000002023979e-02	3.287329360599117933e+01
6.615000000002024816e-02	3.283250733044743441e+01
6.620000000002027041e-02	3.279539369491049428e+01
6.625000000002029266e-02	3.275802511966863761e+01
6.630000000002030103e-02	3.272363287866313186e+01
6.635000000002030940e-02	3.268740173146512973e+01
6.640000000002033165e-02	3.265113925999763467e+01
6.645000000002035390e-02	3.261450615760588079e+01
6.650000000002036227e-02	3.257764339334545411e+01
6.655000000002037064e-02	3.254133746697174701e+01
6.660000000002039289e-02	3.250599221154346452e+01
6.665000000002041514e-02	3.246662648698987397e+01
6.670000000002042351e-02	3.242545912758783544e+01
6.675000000002043188e-02	3.238867449335717197e+01
6.680000000002045413e-02	3.235309127777135529e+01
6.685000000002047638e-02	3.231857937913135004e+01
6.690000000002048475e-02	3.228915446503348363e+01
6.695000000002049312e-02	3.226093185788726458e+01
6.700000000002051537e-02	3.222940262815442480e+01
6.705000000002053762e-02	3.219402628404029088e+01
6.710000000002054599e-02	3.215814945450660645e+01
6.715000000002055436e-02	3.212298402984159651e+01
6.720000000002057661e-02	3.208682802774389842e+01
6.725000000002059886e-02	3.205108924526584246e+01
6.730000000002060723e-02	3.201702257427117360e+01
6.735000000002061560e-02	3.198040555214931757e+01
6.740000000002063785e-02	3.194541134505311675e+01
6.745000000002066010e-02	3.191174702637332672e+01
6.750000000002066847e-02	3.187945727399251084e+01
6.755000000002067684e-02	3.185000480331163075e+01
6.760000000002069909e-02	3.181858775851771881e+01
6.765000000002072134e-02	3.178772107915074230e+01
6.770000000002072971e-02	3.175857946085382011e+01
6.775000000002073808e-02	3.172668764607692182e+01
6.780000000002076033e-02	3.169394570932066557e+01
6.785000000002078258e-02	3.166123434343442611e+01
6.790000000002079095e-02	3.162907123786105501e+01
6.795000000002079932e-02	3.159531917286826186e+01
6.800000000002082157e-02	3.156403184270878270e+01
6.805000000002084382e-02	3.153330448748352666e+01
6.810000000002085219e-02	3.150288320174689005e+01
6.815000000002086056e-02	3.147221946158684247e+01
6.820000000002088281e-02	3.144226752027124405e+01
6.825000000002090506e-02	3.141032315300976663e+01
6.830000000002091343e-02	3.138097093282661376e+01
6.835000000002092180e-02	3.134940548272102134e+01
6.840000000002094405e-02	3.131807090269105132e+01
6.845000000002096630e-02	3.128837930511806320e+01
6.850000000002097467e-02	3.126051126695397286e+01
6.855000000002098304e-02	3.123117527287563178e+01
6.860000000002100529e-02	3.120094449566418504e+01
6.865000000002102754e-02	3.117074275122995886e+01
6.870000000002103591e-02	3.114016484042485544e+01
6.875000000002104428e-02	3.110873987734620272e+01
6.880000000002106653e-02	3.107895604317108962e+01
6.885000000002108878e-02	3.104808570372109955e+01
6.890000000002109715e-02	3.101877326111950950e+01
6.895000000002110552e-02	3.098875485286560050e+01
6.900000000002112777e-02	3.095939399108372214e+01
6.905000000002115002e-02	3.093018123018386589e+01
6.910000000002115839e-02	3.090084771070157998e+01
6.915000000002116676e-02	3.087021987413194424e+01
6.920000000002118901e-02	3.084061121565125418e+01
6.925000000002121125e-02	3.081082519962445332e+01
6.930000000002121963e-02	3.078228468416876851e+01
6.935000000002122800e-02	3.075183114128641293e+01
6.940000000002125025e-02	3.072226542921574932e+01
6.945000000002127249e-02	3.069217092297042981e+01
6.950000000002128087e-02	3.066414683541039565e+01
6.955000000002128924e-02	3.063306515513448502e+01
6.960000000002131149e-02	3.060255667886688258e+01
6.965000000002133373e-02	3.057227444950283868e+01
6.970000000002134211e-02	3.054441745031080657e+01
6.975000000002135048e-02	3.051634179642823597e+01
6.980000000002137273e-02	3.048681037690077034e+01
6.985000000002139497e-02	3.045530540267628083e+01
6.990000000002140335e-02	3.042395661141102536e+01
6.995000000002141172e-02	3.039067927010772152e+01
7.000000000002143397e-02	3.035580329143824940e+01
7.005000000002145621e-02	3.032144628786926432e+01
7.010000000002146459e-02	3.028915184419446760e+01
7.015000000002147296e-02	3.025736858452428990e+01
7.020000000002149521e-02	3.022575643002501522e+01
7.025000000002151745e-02	3.019284813749716179e+01
7.030000000002152583e-02	3.016067318516104834e+01
7.035000000002153420e-02	3.012914185950442203e+01
7.040000000002155645e-02	3.009885603174987523e+01
7.045000000002157869e-02	3.006740523907167173e+01
7.050000000002158707e-02	3.003752839666598007e+01
7.055000000002159544e-02	3.000778867630890900e+01
7.060000000002161769e-02	2.998081359586815609e+01
7.065000000002163993e-02	2.995223668210067558e+01
7.070000000002164831e-02	2.992195812819922196e+01
7.075000000002165668e-02	2.989032441962269360e+01
7.080000000002167893e-02	2.985970323178464625e+01
7.085000000002170117e-02	2.982908174136471047e+01
7.090000000002170955e-02	2.979793033087894827e+01
7.095000000002171792e-02	2.976591496762052813e+01
7.100000000002174017e-02	2.973563703529706359e+01
7.105000000002176241e-02	2.970659420623190172e+01
7.110000000002177079e-02	2.967663596191883357e+01
7.115000000002177916e-02	2.964674599804346755e+01
7.120000000002180141e-02	2.961781834988896733e+01
7.125000000002182365e-02	2.959024936613492329e+01
7.130000000002183203e-02	2.956345299214746447e+01
7.135000000002184040e-02	2.953792803491850805e+01
7.140000000002186265e-02	2.951339270182796781e+01
7.145000000002188489e-02	2.948663405484498057e+01
7.150000000002189326e-02	2.945576749143641493e+01
7.155000000002190164e-02	2.942494183219804427e+01
7.160000000002192388e-02	2.939519324850964210e+01
7.165000000002194613e-02	2.936768725997437457e+01
7.170000000002195450e-02	2.934001396068657996e+01
7.175000000002196288e-02	2.931396490258522647e+01
7.180000000002198512e-02	2.928765355300932427e+01
7.185000000002200737e-02	2.926018144885610894e+01
7.190000000002201574e-02	2.923144805161972570e+01
7.195000000002202412e-02	2.920507938619362065e+01
7.200000000002204636e-02	2.918042024640991983e+01
7.205000000002206861e-02	2.915601752554392689e+01
7.210000000002207698e-02	2.912988564157182481e+01
7.215000000002208536e-02	2.910526069424699358e+01
7.220000000002210760e-02	2.907846735200424959e+01
7.225000000002212985e-02	2.904925695559771981e+01
7.230000000002213822e-02	2.901940641421869671e+01
7.235000000002214660e-02	2.899145942139232446e+01
7.240000000002216884e-02	2.896429521619896974e+01
7.245000000002219109e-02	2.893785316109791950e+01
7.250000000002219946e-02	2.891086226826149286e+01
7.255000000002220784e-02	2.888594811700578902e+01
7.260000000002223008e-02	2.886275902973584095e+01
7.265000000002225233e-02	2.883786158170355662e+01
7.270000000002226070e-02	2.881379435831338398e+01
7.275000000002226908e-02	2.878958933895629357e+01
7.280000000002229132e-02	2.876582879768663403e+01
7.285000000002231357e-02	2.874065698588240281e+01
7.290000000002232194e-02	2.871560568096140287e+01
7.295000000002233032e-02	2.868838502356237541e+01
7.300000000002235256e-02	2.866119918679520495e+01
7.305000000002237481e-02	2.863517406329860293e+01
7.310000000002238318e-02	2.860958767625799837e+01
7.315000000002239156e-02	2.858389793578092863e+01
7.320000000002241380e-02	2.855644256723135399e+01
7.325000000002243605e-02	2.852994033861135392e+01
7.330000000002244442e-02	2.850505405543149351e+01
7.335000000002245280e-02	2.848062309786594781e+01
7.340000000002247504e-02	2.845384433799011958e+01
7.345000000002249729e-02	2.842686321559321172e+01
7.350000000002250566e-02	2.840164721574682360e+01
7.355000000002251404e-02	2.837693753592985146e+01
7.360000000002253628e-02	2.835133123205842409e+01
7.365000000002255853e-02	2.832472236421632061e+01
7.370000000002256690e-02	2.829988511931746231e+01
7.375000000002257527e-02	2.827747644118572978e+01
7.380000000002259752e-02	2.825524455320443451e+01
7.385000000002261977e-02	2.823168490166525046e+01
7.390000000002262814e-02	2.821054956866337449e+01
7.395000000002263651e-02	2.819020970927943992e+01
7.400000000002265876e-02	2.816920763899709002e+01
7.405000000002268101e-02	2.815005734841836826e+01
7.410000000002268938e-02	2.813077238281351100e+01
7.415000000002269775e-02	2.811051850239518046e+01
7.420000000002272000e-02	2.808833151112586890e+01
7.425000000002274225e-02	2.806542439128805810e+01
7.430000000002275062e-02	2.804397730348814832e+01
7.435000000002275899e-02	2.802398415329069792e+01
7.440000000002278124e-02	2.800333707884916024e+01
7.445000000002280349e-02	2.798224075609632777e+01
7.450000000002281186e-02	2.796021063121586891e+01
7.455000000002282023e-02	2.793759875611683086e+01
7.460000000002284248e-02	2.791437936709943557e+01
7.465000000002286473e-02	2.789117667567226277e+01
7.470000000002287310e-02	2.787066116397219773e+01
7.475000000002288147e-02	2.784833584801631545e+01
7.480000000002290372e-02	2.782512428374366209e+01
7.485000000002292597e-02	2.780184571232167201e+01
7.490000000002293434e-02	2.778021627915799741e+01
7.495000000002294271e-02	2.775793112529501983e+01
7.500000000002296496e-02	2.773623477560846950e+01
7.505000000002298721e-02	2.771451739609722154e+01
7.510000000002299558e-02	2.769220721526252760e+01
7.515000000002300395e-02	2.766886261822981297e+01
7.520000000002302620e-02	2.764656428307072389e+01
7.525000000002304845e-02	2.762554869006368463e+01
7.530000000002305682e-02	2.760566237829640457e+01
7.535000000002306519e-02	2.758609852017485764e+01
7.540000000002308744e-02	2.756764484591520770e+01
7.545000000002310969e-02	2.754837626577244336e+01
7.550000000002311806e-02	2.752841155715801236e+01
7.555000000002312643e-02	2.750721902351165227e+01
7.560000000002314868e-02	2.748652712106523666e+01
7.565000000002317093e-02	2.746529354268658096e+01
7.570000000002317930e-02	2.744438238894485949e+01
7.575000000002318767e-02	2.742308191146214469e+01
7.580000000002320992e-02	2.740212981602341458e+01
7.585000000002323217e-02	2.738152976554535556e+01
7.590000000002324054e-02	2.736211649462734030e+01
7.595000000002324891e-02	2.734339431597576819e+01
7.600000000002327116e-02	2.732471423253069531e+01
7.605000000002329341e-02	2.730605298514901946e+01
7.610000000002330178e-02	2.728755648640930431e+01
7.615000000002331015e-02	2.726774290201677431e+01
7.620000000002333240e-02	2.724901344533910930e+01
7.625000000002335465e-02	2.723089986166168330e+01
7.630000000002336302e-02	2.721024750737254294e+01
7.635000000002337139e-02	2.718896107614904878e+01
7.640000000002339364e-02	2.716758144658346552e+01
7.645000000002341589e-02	2.714602068386155409e+01
7.650000000002342426e-02	2.712333407422496379e+01
7.655000000002343263e-02	2.710081684514470268e+01
7.660000000002345488e-02	2.707892546592613314e+01
7.665000000002347713e-02	2.705903050841906676e+01
7.670000000002348550e-02	2.703833803196100050e+01
7.675000000002349387e-02	2.701837443624791035e+01
7.680000000002351612e-02	2.699853830038675895e+01
7.685000000002353837e-02	2.698143433505316224e+01
7.690000000002354674e-02	2.696302759305981311e+01
7.695000000002355511e-02	2.694424795903872649e+01
7.700000000002357736e-02	2.692597751881602264e+01
7.705000000002359961e-02	2.690814693985673145e+01
7.710000000002360798e-02	2.689016391992828403e+01
7.715000000002361635e-02	2.687126165562764868e+01
7.720000000002363860e-02	2.685130987216728471e+01
7.725000000002366085e-02	2.683126410081956337e+01
7.730000000002366922e-02	2.681223297111362669e+01
7.735000000002367759e-02	2.679476116946494813e+01
7.740000000002369984e-02	2.677636440593074241e+01
7.745000000002372209e-02	2.675465869538756891e+01
7.750000000002373046e-02	2.673257689695856598e+01
7.755000000002373883e-02	2.671054217165580624e+01
7.760000000002376108e-02	2.669057735521646180e+01
7.765000000002378333e-02	2.667184013122819763e+01
7.770000000002379170e-02	2.665364960680460982e+01
7.775000000002380007e-02	2.663588918324579069e+01
7.780000000002382232e-02	2.661621570157072725e+01
7.785000000002384457e-02	2.659685647673686404e+01
7.790000000002385294e-02	2.657634182152419200e+01
7.795000000002386131e-02	2.655623780790064004e+01
7.800000000002388356e-02	2.653600488102431498e+01
7.805000000002390581e-02	2.651563761997760693e+01
7.810000000002391418e-02	2.649532414760000876e+01
7.815000000002392255e-02	2.647583407415418577e+01
7.820000000002394480e-02	2.645814267573164358e+01
7.825000000002396705e-02	2.644239778426217313e+01
7.830000000002397542e-02	2.642498358337651609e+01
7.835000000002398379e-02	2.640800442126523606e+01
7.840000000002400604e-02	2.639144200941280616e+01
7.845000000002402829e-02	2.637474114491070054e+01
7.850000000002403666e-02	2.635700992346163929e+01
7.855000000002404503e-02	2.633898646297363300e+01
7.860000000002406728e-02	2.632157279451790544e+01
7.865000000002408953e-02	2.630221786403502549e+01
7.870000000002409790e-02	2.628295491217137325e+01
7.875000000002410627e-02	2.626421462595316925e+01
7.880000000002412852e-02	2.624606998681476355e+01
7.885000000002415077e-02	2.622818093214677759e+01
7.890000000002415914e-02	2.621085719826358229e+01
7.895000000002416751e-02	2.619569646684488262e+01
7.900000000002418976e-02	2.617983878458337088e+01
7.905000000002421201e-02	2.616288738240249856e+01
7.910000000002422038e-02	2.614559968746155150e+01
7.915000000002422875e-02	2.612859722448584066e+01
7.920000000002425100e-02	2.611212478084349442e+01
7.925000000002427325e-02	2.609388815404079409e+01
7.930000000002428162e-02	2.607572058398371340e+01
7.935000000002428999e-02	2.605824617007045774e+01
7.940000000002431224e-02	2.604077384645589532e+01
7.945000000002433449e-02	2.602366682771807760e+01
7.950000000002434286e-02	2.600667968765110061e+01
7.955000000002435123e-02	2.599058491094038814e+01
7.960000000002437348e-02	2.597615610572889722e+01
7.965000000002439573e-02	2.596270825623568967e+01
7.970000000002440410e-02	2.594688633760790353e+01
7.975000000002441247e-02	2.593015177183924891e+01
7.980000000002443472e-02	2.591220248877008814e+01
7.985000000002445697e-02	2.589376637361099398e+01
7.990000000002446534e-02	2.587662873421372467e+01
7.995000000002447371e-02	2.585809936642369777e+01
8.000000000002449596e-02	2.583952674194622290e+01
8.005000000002451821e-02	2.582374479276821688e+01
8.010000000002452658e-02	2.580938903150430264e+01
8.015000000002453495e-02	2.579530552779513286e+01
8.020000000002455720e-02	2.578070241125686834e+01
8.025000000002457945e-02	2.576697592293143302e+01
8.030000000002458782e-02	2.575382406198983887e+01
8.035000000002459619e-02	2.574079950876258849e+01
8.040000000002461844e-02	2.572727964494104214e+01
8.045000000002464069e-02	2.571221141269590049e+01
8.050000000002464906e-02	2.569565459137213281e+01
8.055000000002465743e-02	2.567817573799257147e+01
8.060000000002467968e-02	2.566111062702502821e+01
8.065000000002470193e-02	2.564535859754924374e+01
8.070000000002471030e-02	2.562900673482161906e+01
8.075000000002471867e-02	2.561275240475933401e+01
8.080000000002474092e-02	2.559644476535995850e+01
8.085000000002476317e-02	2.557975547994224286e+01
8.090000000002477154e-02	2.556558132029773489e+01
8.095000000002477991e-02	2.555198095600447061e+01
8.100000000002480216e-02	2.553592432501931953e+01
8.105000000002482441e-02	2.551923068874452838e+01
8.110000000002483278e-02	2.550369048291202390e+01
8.115000000002484115e-02	2.548928399481898310e+01
8.120000000002486340e-02	2.547468219904928688e+01
8.125000000002488565e-02	2.546024272933856381e+01
8.130000000002489402e-02	2.544677309949181421e+01
8.135000000002490239e-02	2.543266282816550117e+01
8.140000000002492464e-02	2.541695945482854313e+01
8.145000000002494689e-02	2.540179920215714660e+01
8.150000000002495526e-02	2.538773702382566100e+01
8.155000000002496363e-02	2.537333756771581861e+01
8.160000000002498588e-02	2.535961197898870267e+01
8.165000000002500813e-02	2.534432420944498432e+01
8.170000000002501650e-02	2.532862109327866662e+01
8.175000000002502487e-02	2.531333844500497321e+01
8.180000000002504712e-02	2.529771218175270064e+01
8.185000000002506937e-02	2.528158878440680724e+01
8.190000000002507774e-02	2.526603323663245959e+01
8.195000000002508611e-02	2.525168496918287886e+01
8.200000000002510836e-02	2.523743877604886521e+01
8.205000000002513061e-02	2.522337812843072768e+01
8.210000000002513898e-02	2.521066526272264952e+01
8.215000000002514735e-02	2.519976546819284380e+01
8.220000000002516960e-02	2.518833899748844019e+01
8.225000000002519185e-02	2.517489677021988115e+01
8.230000000002520022e-02	2.516082264774394162e+01
8.235000000002520859e-02	2.514694587546033944e+01
8.240000000002523084e-02	2.513247358928319386e+01
8.245000000002525309e-02	2.511505928079165884e+01
8.250000000002526146e-02	2.509821726448739199e+01
8.255000000002526983e-02	2.508138051129708401e+01
8.260000000002529208e-02	2.506551302354527877e+01
8.265000000002531433e-02	2.504966774038101462e+01
8.270000000002532270e-02	2.503533651688339035e+01
8.275000000002533107e-02	2.502201400030609335e+01
8.280000000002535332e-02	2.501025918032293660e+01
8.285000000002537557e-02	2.499735138417463887e+01
8.290000000002538394e-02	2.498365580406555608e+01
8.295000000002539231e-02	2.496942595115218211e+01
8.300000000002541456e-02	2.495552969430506707e+01
8.305000000002543681e-02	2.494239548508800652e+01
8.310000000002544518e-02	2.492818276248576481e+01
8.315000000002545355e-02	2.491382719582534122e+01
8.320000000002547580e-02	2.489951068386490718e+01
8.325000000002549805e-02	2.488463748322180535e+01
8.330000000002550642e-02	2.486959860902251052e+01
8.335000000002551479e-02	2.485593913280643008e+01
8.340000000002553704e-02	2.484287584359036316e+01
8.345000000002555929e-02	2.482949471096602068e+01
8.350000000002556766e-02	2.481597961254375306e+01
8.355000000002557603e-02	2.480377882388514621e+01
8.360000000002559828e-02	2.479070967986643481e+01
8.365000000002562053e-02	2.477721081938087622e+01
8.370000000002562890e-02	2.476406289518416415e+01
8.375000000002563727e-02	2.475024909372802284e+01
8.380000000002565952e-02	2.473607440085774201e+01
8.385000000002568177e-02	2.472234712389101219e+01
8.390000000002569014e-02	2.470789386243733787e+01
8.395000000002569851e-02	2.469390425277478229e+01
8.400000000002572076e-02	2.468075873878403570e+01
8.405000000002574301e-02	2.466864915671585123e+01
8.410000000002575138e-02	2.465688198197055314e+01
8.415000000002575975e-02	2.464372270274641963e+01
8.420000000002578200e-02	2.462992566036422559e+01
8.425000000002580425e-02	2.461649326520671366e+01
8.430000000002581262e-02	2.460326163848193204e+01
8.435000000002582099e-02	2.459090841503168079e+01
8.440000000002584324e-02	2.458062280253114551e+01
8.445000000002586549e-02	2.456920720297381777e+01
8.450000000002587386e-02	2.455631589931120828e+01
8.455000000002588223e-02	2.454319558777745414e+01
8.460000000002590448e-02	2.453043780222333581e+01
8.465000000002592673e-02	2.451817941999221873e+01
8.470000000002593510e-02	2.450460424852397523e+01
8.475000000002594347e-02	2.449077052775811936e+01
8.480000000002596572e-02	2.447872195320747224e+01
8.485000000002598797e-02	2.446832948350235171e+01
8.490000000002599634e-02	2.445768403326891871e+01
8.495000000002600471e-02	2.444630410945283927e+01
8.500000000002602696e-02	2.443418878590232879e+01
8.505000000002604921e-02	2.442336771331590839e+01
8.510000000002605758e-02	2.441191777857005718e+01
8.515000000002606595e-02	2.439870184379590157e+01
8.520000000002608820e-02	2.438547684428199602e+01
8.525000000002611045e-02	2.437434266710894448e+01
8.530000000002611882e-02	2.436479058100500694e+01
8.535000000002612719e-02	2.435459010381307721e+01
8.540000000002614944e-02	2.434225997140423559e+01
8.545000000002617169e-02	2.433027274124695438e+01
8.550000000002618006e-02	2.431687028055325328e+01
8.555000000002618843e-02	2.430464659849479858e+01
8.560000000002621068e-02	2.429247404824932488e+01
8.565000000002623293e-02	2.428061588977113061e+01
8.570000000002624130e-02	2.426893150040379155e+01
8.575000000002624967e-02	2.425743937233487202e+01
8.580000000002627192e-02	2.424462356823649145e+01
8.585000000002629417e-02	2.423233053306429596e+01
8.590000000002630254e-02	2.422045251624719242e+01
8.595000000002631091e-02	2.420845371782511890e+01
8.600000000002633316e-02	2.419612088976361264e+01
8.605000000002635541e-02	2.418653129882193653e+01
8.610000000002636378e-02	2.417695856177507352e+01
8.615000000002637215e-02	2.416608289680488753e+01
8.620000000002639440e-02	2.415332471634039990e+01
8.625000000002641665e-02	2.414163025183853506e+01
8.630000000002642502e-02	2.412996871408299882e+01
8.635000000002643339e-02	2.411961928976472791e+01
8.640000000002645564e-02	2.410803043698500758e+01
8.645000000002647789e-02	2.409563942814522619e+01
8.650000000002648626e-02	2.408441487370726719e+01
8.655000000002649463e-02	2.407295607010764371e+01
8.660000000002651688e-02	2.406168386727235031e+01
8.665000000002653913e-02	2.405001035396432130e+01
8.670000000002654750e-02	2.403991403698766050e+01
8.675000000002655587e-02	2.403090412687406285e+01
8.680000000002657812e-02	2.402104890046489061e+01
8.685000000002660037e-02	2.401066313495104865e+01
8.690000000002660874e-02	2.399925253176602169e+01
8.695000000002661711e-02	2.398828136125966992e+01
8.700000000002663936e-02	2.397896628131370278e+01
8.705000000002666161e-02	2.396985095610296668e+01
8.710000000002666998e-02	2.396049992554932473e+01
8.715000000002667835e-02	2.395349417839074491e+01
8.720000000002670060e-02	2.394880476256747670e+01
8.725000000002672285e-02	2.394413574558314650e+01
8.730000000002673122e-02	2.393766952326861386e+01
8.735000000002673959e-02	2.393126456070610431e+01
8.740000000002676184e-02	2.392520068216666473e+01
8.745000000002678409e-02	2.391808940383799253e+01
8.750000000002679246e-02	2.390944974543501189e+01
8.755000000002680083e-02	2.389921653694868198e+01
8.760000000002682308e-02	2.388731871222189085e+01
8.765000000002684533e-02	2.387668876546971930e+01
8.770000000002685370e-02	2.386638987191136252e+01
8.775000000002686207e-02	2.385686104778104877e+01
8.780000000002688432e-02	2.384782394803115579e+01
8.785000000002690657e-02	2.383980360119659281e+01
8.790000000002691494e-02	2.383194310276950034e+01
8.795000000002692331e-02	2.382178673896053311e+01
8.800000000002694556e-02	2.381101872448968848e+01
8.805000000002696781e-02	2.380131946922705310e+01
8.810000000002697618e-02	2.379116034868750873e+01
8.815000000002698455e-02	2.377848702765864530e+01
8.820000000002700680e-02	2.376505489454494935e+01
8.825000000002702905e-02	2.375089788857788875e+01
8.830000000002703742e-02	2.373720167337372189e+01
8.835000000002704579e-02	2.372446481014817010e+01
8.840000000002706804e-02	2.371247069367775140e+01
8.845000000002709029e-02	2.370069408430849478e+01
8.850000000002709866e-02	2.369023943207391980e+01
8.855000000002710703e-02	2.368082900770177446e+01
8.860000000002712928e-02	2.367115353100869157e+01
8.865000000002715153e-02	2.366237188725760632e+01
8.870000000002715990e-02	2.365346135645204484e+01
8.875000000002716827e-02	2.364158228033134534e+01
8.880000000002719052e-02	2.362776681841901194e+01
8.885000000002721277e-02	2.361528997233359206e+01
8.890000000002722114e-02	2.360411681046531385e+01
8.895000000002722951e-02	2.359352213673506427e+01
8.900000000002725176e-02	2.358153083775609815e+01
8.905000000002727401e-02	2.356986978223262952e+01
8.910000000002728238e-02	2.355816642340088762e+01
8.915000000002729075e-02	2.354823233623019618e+01
8.920000000002731300e-02	2.353934126951329020e+01
8.925000000002733525e-02	2.352891464478622652e+01
8.930000000002734362e-02	2.351926795559456806e+01
8.935000000002735199e-02	2.350997440453512155e+01
8.940000000002737424e-02	2.350145002722101140e+01
8.945000000002739649e-02	2.349128799536696732e+01
8.950000000002740486e-02	2.347905833955245569e+01
8.955000000002741323e-02	2.346563730462525399e+01
8.960000000002743548e-02	2.345478561166149234e+01
8.965000000002745772e-02	2.344621983650173647e+01
8.970000000002746610e-02	2.343617944515728624e+01
8.975000000002747447e-02	2.342440353668437325e+01
8.980000000002749672e-02	2.341314707098502979e+01
8.985000000002751896e-02	2.340517810309703250e+01
8.990000000002752734e-02	2.339842784611322557e+01
8.995000000002753571e-02	2.339109676592839548e+01
9.000000000002755796e-02	2.338198954681013930e+01
9.005000000002758020e-02	2.337162554076873278e+01
9.010000000002758858e-02	2.336147240971759587e+01
9.015000000002759695e-02	2.335106544065978085e+01
9.020000000002761920e-02	2.333944637525734223e+01
9.025000000002764144e-02	2.332609280799985640e+01
9.030000000002764982e-02	2.331279410923199791e+01
9.035000000002765819e-02	2.330147902400877413e+01
9.040000000002768044e-02	2.329221373840431752e+01
9.045000000002770268e-02	2.328358684988959126e+01
9.050000000002771106e-02	2.327417025599828193e+01
9.055000000002771943e-02	2.326572752961860857e+01
9.060000000002774168e-02	2.325865959885285861e+01
9.065000000002776392e-02	2.325130371224334880e+01
9.070000000002777230e-02	2.324213487854396831e+01
9.075000000002778067e-02	2.323084789655907301e+01
9.080000000002780292e-02	2.321891395894759569e+01
9.085000000002782516e-02	2.320745804674301382e+01
9.090000000002783354e-02	2.319598064530067916e+01
9.095000000002784191e-02	2.318589547266753215e+01
9.100000000002786416e-02	2.317582362789253736e+01
9.105000000002788640e-02	2.316524598618720887e+01
9.110000000002789478e-02	2.315588576988460900e+01
9.115000000002790315e-02	2.314729946228362678e+01
9.120000000002792540e-02	2.313892043617957128e+01
9.125000000002794764e-02	2.312988515662041777e+01
9.130000000002795602e-02	2.312022146055220162e+01
9.135000000002796439e-02	2.311019672539983105e+01
9.140000000002798664e-02	2.310022030617059130e+01
9.145000000002800888e-02	2.308996187708429204e+01
9.150000000002801726e-02	2.308060792019746899e+01
9.155000000002802563e-02	2.307098141380827983e+01
9.160000000002804788e-02	2.306162252701113502e+01
9.165000000002807012e-02	2.305308064198032625e+01
9.170000000002807850e-02	2.304564901679401245e+01
9.175000000002808687e-02	2.303669566109267564e+01
9.180000000002810912e-02	2.302814884892966063e+01
9.185000000002813136e-02	2.302076055427059842e+01
9.190000000002813973e-02	2.301579645897568227e+01
9.195000000002814811e-02	2.300850205029516005e+01
9.200000000002817035e-02	2.300081437912266935e+01
9.205000000002819260e-02	2.299320294779599294e+01
9.210000000002820097e-02	2.298500476613557808e+01
9.215000000002820935e-02	2.297651577875831563e+01
9.220000000002823159e-02	2.296560155262136149e+01
9.225000000002825384e-02	2.295576561944253413e+01
9.230000000002826221e-02	2.294744620286666859e+01
9.235000000002827059e-02	2.293767270585104256e+01
9.240000000002829283e-02	2.292788696387856717e+01
9.245000000002831508e-02	2.291698535272317017e+01
9.250000000002832345e-02	2.290778183450182226e+01
9.255000000002833183e-02	2.289866119014574863e+01
9.260000000002835407e-02	2.289002514639028618e+01
9.265000000002837632e-02	2.288244220488321545e+01
9.270000000002838469e-02	2.287499882440158672e+01
9.275000000002839307e-02	2.286679880230974149e+01
9.280000000002841531e-02	2.285937422294429311e+01
9.285000000002843756e-02	2.285221008215719962e+01
9.290000000002844593e-02	2.284528930336453101e+01
9.295000000002845431e-02	2.283855719177667609e+01
